triangle
1.200920 0.263778 -6.853460 0.999516 0.000000 -0.031103 0.030299 -0.225803 0.973702 -0.007023 -0.974173 -0.225694
1.058940 1.928470 -6.853460 0.984978 0.000000 0.172677 -0.168172 -0.226937 0.959280 0.039187 -0.973909 -0.223528
1.058940 1.928470 -6.420040 0.984978 0.000000 0.172677 -0.168172 -0.226937 0.959280 0.039187 -0.973909 -0.223528
triangle
1.058940 1.928470 -6.420040 0.984978 0.000000 0.172677 0.062064 -0.933175 -0.354024 -0.161138 -0.359424 0.919157
1.200920 0.263778 -6.420040 0.988693 0.000000 -0.149957 -0.146913 -0.200471 -0.968622 0.030062 -0.979700 0.198204
1.200920 0.263778 -6.853460 0.999516 0.000000 -0.031103 -0.026005 -0.548582 -0.835692 0.017062 -0.836097 0.548317
triangle
0.679283 3.239280 -6.853460 0.960524 0.000000 0.278198 0.170568 -0.789992 -0.588913 -0.219774 -0.613117 0.758806
0.679283 3.239280 -6.420040 0.960524 0.000000 0.278198 0.170568 -0.789992 -0.588913 -0.219774 -0.613117 0.758806
1.058940 1.928470 -6.420040 0.984978 0.000000 0.172677 -0.141317 -0.574663 0.806096 0.099231 -0.818390 -0.566031
triangle
1.058940 1.928470 -6.420040 0.984978 0.000000 0.172677 0.172088 -0.082531 -0.981618 -0.014251 -0.996589 0.081291
1.058940 1.928470 -6.853460 0.984978 0.000000 0.172677 0.172088 -0.082531 -0.981618 -0.014251 -0.996589 0.081291
0.679283 3.239280 -6.853460 0.960524 0.000000 0.278198 0.258256 -0.371788 -0.891671 -0.103431 -0.928318 0.357112
triangle
-1.058940 1.928470 -6.853460 -0.984979 0.000000 0.172676 -0.172639 0.020653 -0.984769 0.003566 0.999787 0.020342
-1.058940 1.928470 -6.420040 -0.984978 0.000000 0.172677 -0.172640 0.020654 -0.984768 0.003566 0.999787 0.020344
-0.679283 3.239280 -6.420040 -0.960524 0.000000 0.278199 -0.269787 -0.244044 -0.931481 -0.067893 0.969764 -0.234410
triangle
-0.679283 3.239280 -6.420040 -0.960524 0.000000 0.278199 -0.162825 -0.810829 -0.562178 -0.225572 0.585283 -0.778821
-0.679283 3.239280 -6.853460 -0.960524 0.000000 0.278199 -0.162825 -0.810829 -0.562178 -0.225572 0.585283 -0.778821
-1.058940 1.928470 -6.853460 -0.984979 0.000000 0.172676 -0.145381 0.539590 -0.829281 -0.093174 -0.841928 -0.531484
triangle
-1.058940 1.928470 -6.853460 -0.984979 0.000000 0.172676 -0.057179 -0.943582 -0.326163 -0.162934 0.331138 -0.929409
-1.200920 0.263778 -6.853510 -0.988693 0.000000 -0.149956 0.143453 -0.291295 -0.945816 0.043681 0.956633 -0.288001
-1.200920 0.263778 -6.420080 -0.999516 0.000000 -0.031103 0.023084 -0.670205 -0.741817 0.020845 0.742176 -0.669881
triangle
-1.200920 0.263778 -6.420080 -0.999516 0.000000 -0.031103 0.030188 0.240743 -0.970119 0.007488 -0.970589 -0.240626
-1.058940 1.928470 -6.420040 -0.984978 0.000000 0.172677 -0.167602 0.240657 -0.956030 -0.041556 -0.970610 -0.237042
-1.058940 1.928470 -6.853460 -0.984979 0.000000 0.172676 -0.167601 0.240657 -0.956030 -0.041556 -0.970610 -0.237042
triangle
-1.200920 0.263778 -6.853510 -0.988693 0.000000 -0.149956 -0.144883 0.257903 0.955246 0.038674 0.966171 -0.254987
-0.764220 -1.315040 -6.853500 -0.967479 0.000000 -0.252952 -0.245296 0.244161 0.938198 0.061761 0.969735 -0.236221
-0.764220 -1.315040 -6.420080 -0.965550 0.000000 -0.260218 -0.252386 0.243501 0.936487 0.063363 0.969901 -0.235113
triangle
-0.764220 -1.315040 -6.420080 -0.965550 0.000000 -0.260218 -0.246962 0.315104 0.916362 0.081996 0.949057 -0.304249
-1.200920 0.263778 -6.420080 -0.999516 0.000000 -0.031103 0.011688 0.926713 -0.375587 -0.028824 0.375769 0.926265
-1.200920 0.263778 -6.853510 -0.988693 0.000000 -0.149956 -0.140880 0.342610 0.928855 0.051376 0.939478 -0.338736
triangle
-0.436697 -2.613460 -6.420040 -0.935091 0.000000 -0.354409 0.351265 -0.132895 -0.926796 0.047099 0.991130 -0.124269
-0.764220 -1.315040 -6.420080 -0.965550 0.000000 -0.260218 0.258735 -0.106597 -0.960048 0.027739 0.994302 -0.102925
-0.764220 -1.315040 -6.853500 -0.967479 0.000000 -0.252952 0.251571 -0.104332 -0.962199 0.026391 0.994542 -0.100939
triangle
-0.764220 -1.315040 -6.853500 -0.967479 0.000000 -0.252952 -0.227086 0.440514 0.868550 0.111429 0.897746 -0.426188
-0.436697 -2.613460 -6.853460 -0.840873 0.000000 -0.541232 -0.470325 0.494830 0.730710 0.267818 0.868990 -0.416089
-0.436697 -2.613460 -6.420040 -0.935091 0.000000 -0.354409 -0.316600 0.449422 0.835335 0.159279 0.893320 -0.420250
triangle
0.000000 -2.897140 -6.420040 -0.211633 0.000000 -0.977349 0.950631 -0.232223 -0.205848 0.226963 0.972663 -0.049146
-0.436697 -2.613460 -6.420040 -0.935091 0.000000 -0.354409 0.342169 0.260540 -0.902795 -0.092338 0.965463 0.243629
-0.436697 -2.613460 -6.853460 -0.840873 0.000000 -0.541232 0.521715 0.266122 -0.810551 -0.144034 0.963939 0.223775
triangle
-0.436697 -2.613460 -6.853460 -0.840873 0.000000 -0.541232 0.470383 0.494641 -0.730801 -0.267716 0.869097 0.415931
0.000000 -2.897140 -6.853460 0.211633 0.000000 -0.977349 0.840574 -0.510202 0.182016 -0.498646 -0.860054 -0.107976
0.000000 -2.897140 -6.420040 -0.211633 0.000000 -0.977349 -0.976525 -0.041066 0.211455 0.040136 -0.999156 -0.008691
triangle
0.000000 -2.897140 -6.853460 0.211633 0.000000 -0.977349 -0.885229 -0.423824 -0.191685 0.414224 -0.905744 0.089695
0.436698 -2.613460 -6.853500 0.935091 0.000000 -0.354409 -0.321296 0.422058 -0.847724 -0.149581 -0.906569 -0.394663
0.436698 -2.613460 -6.420080 0.840874 0.000000 -0.541231 -0.496010 0.400153 -0.770618 -0.216575 -0.916448 -0.336478
triangle
0.436698 -2.613460 -6.420080 0.840874 0.000000 -0.541231 -0.504900 0.360204 -0.784429 -0.194953 -0.932874 -0.302886
0.000000 -2.897140 -6.420040 -0.211633 0.000000 -0.977349 0.846072 0.500597 -0.183207 0.489258 -0.865681 -0.105943
0.000000 -2.897140 -6.853460 0.211633 0.000000 -0.977349 -0.974318 0.078696 -0.210977 -0.076913 -0.996899 -0.016655
triangle
0.764221 -1.315040 -6.420080 0.967479 0.000000 -0.252952 -0.222226 -0.477683 -0.849961 -0.120831 0.878532 -0.462148
0.436698 -2.613460 -6.420080 0.840874 0.000000 -0.541231 -0.456964 -0.535864 -0.709954 -0.290026 0.844304 -0.450594
0.436698 -2.613460 -6.853500 0.935091 0.000000 -0.354409 -0.309461 -0.487405 -0.816499 -0.172741 0.873176 -0.455768
triangle
0.436698 -2.613460 -6.853500 0.935091 0.000000 -0.354409 -0.353145 -0.084364 -0.931757 0.029899 -0.996435 0.078888
0.764221 -1.315040 -6.853500 0.965550 0.000000 -0.260218 -0.259807 -0.056160 -0.964026 0.014614 -0.998422 0.054225
0.764221 -1.315040 -6.420080 0.967479 0.000000 -0.252952 -0.252587 -0.053668 -0.966085 0.013575 -0.998559 0.051922
triangle
1.200920 0.263778 -6.420040 0.988693 0.000000 -0.149957 -0.144195 -0.274535 -0.950704 -0.041168 0.961577 -0.271431
0.764221 -1.315040 -6.420080 0.967479 0.000000 -0.252952 -0.244229 -0.260342 -0.934117 -0.065854 0.965516 -0.251876
0.764221 -1.315040 -6.853500 0.965550 0.000000 -0.260218 -0.251293 -0.259654 -0.932433 -0.067567 0.965702 -0.250709
triangle
0.764221 -1.315040 -6.853500 0.965550 0.000000 -0.260218 -0.248092 -0.301705 -0.920557 -0.078509 0.953401 -0.291311
1.200920 0.263778 -6.853460 0.999516 0.000000 -0.031103 -0.011262 0.932145 -0.361909 -0.028992 -0.362084 -0.931694
1.200920 0.263778 -6.420040 0.988693 0.000000 -0.149957 -0.141597 -0.329228 -0.933573 -0.049370 0.944250 -0.325505
triangle
0.448055 2.673340 -6.853460 0.000000 1.000000 0.000000 0.095996 0.000000 -0.995382 0.995382 -0.000000 0.095996
0.679283 3.239280 -6.853460 0.000000 1.000000 0.000000 0.095996 0.000000 -0.995382 0.995382 -0.000000 0.095996
1.058940 1.928470 -6.853460 0.000000 1.000000 0.000000 0.095996 0.000000 -0.995382 0.995382 -0.000000 0.095996
triangle
0.000000 2.460370 -6.853460 0.000000 1.000000 0.000000 0.049557 0.000000 -0.998771 0.998771 -0.000000 0.049557
0.448055 2.673340 -6.853460 0.000000 1.000000 0.000000 0.049557 0.000000 -0.998771 0.998771 -0.000000 0.049557
1.058940 1.928470 -6.853460 0.000000 1.000000 0.000000 0.049557 0.000000 -0.998771 0.998771 -0.000000 0.049557
triangle
0.000000 2.460370 -6.853460 0.000000 1.000000 0.000000 0.069183 0.000000 -0.997604 0.997604 -0.000000 0.069183
1.058940 1.928470 -6.853460 0.000000 1.000000 0.000000 0.069183 0.000000 -0.997604 0.997604 -0.000000 0.069183
1.200920 0.263778 -6.853460 0.000016 1.000000 0.000011 0.069177 0.000010 -0.997604 0.997604 -0.000017 0.069177
triangle
-0.448054 2.673340 -6.853460 0.000026 1.000000 0.000016 -0.070828 0.000018 -0.997489 0.997489 -0.000025 -0.070828
0.000000 2.460370 -6.853460 0.000000 1.000000 0.000000 -0.070820 0.000000 -0.997489 0.997489 -0.000000 -0.070820
1.200920 0.263778 -6.853460 0.000016 1.000000 0.000011 -0.070825 0.000012 -0.997489 0.997489 -0.000015 -0.070825
triangle
-0.448054 2.673340 -6.853460 0.000026 1.000000 0.000016 0.076246 0.000014 -0.997089 -0.997089 0.000027 -0.076246
1.200920 0.263778 -6.853460 0.000016 1.000000 0.000011 0.076249 0.000010 -0.997089 -0.997089 0.000017 -0.076249
0.764221 -1.315040 -6.853500 -0.000014 1.000000 0.000005 0.076255 0.000006 -0.997088 -0.997088 -0.000013 -0.076255
triangle
-0.448054 2.673340 -6.853460 0.000026 1.000000 0.000016 -0.309777 0.000024 -0.950809 0.950809 -0.000020 -0.309777
0.764221 -1.315040 -6.853500 -0.000014 1.000000 0.000005 -0.309733 0.000000 -0.950824 0.950824 0.000014 -0.309733
-0.679283 3.239280 -6.853460 -0.000008 1.000000 0.000006 -0.309739 0.000004 -0.950822 0.950822 0.000009 -0.309739
triangle
0.764221 -1.315040 -6.853500 -0.000014 1.000000 0.000005 0.018221 0.000005 -0.999834 -0.999834 -0.000013 -0.018221
0.436698 -2.613460 -6.853500 -0.000111 1.000000 0.000028 0.018177 0.000030 -0.999835 -0.999835 -0.000110 -0.018177
0.000000 -2.897140 -6.853460 -0.000008 1.000000 -0.000001 0.018224 -0.000000 -0.999834 -0.999834 -0.000008 -0.018224
triangle
0.764221 -1.315040 -6.853500 -0.000014 1.000000 0.000005 0.011672 0.000005 -0.999932 -0.999932 -0.000013 -0.011672
0.000000 -2.897140 -6.853460 -0.000008 1.000000 -0.000001 0.011672 -0.000000 -0.999932 -0.999932 -0.000008 -0.011672
-1.058940 1.928470 -6.853460 0.000002 1.000000 0.000003 0.011672 0.000003 -0.999932 -0.999932 0.000002 -0.011672
triangle
0.764221 -1.315040 -6.853500 -0.000014 1.000000 0.000005 -0.057154 0.000004 -0.998365 0.998365 0.000014 -0.057154
-1.058940 1.928470 -6.853460 0.000002 1.000000 0.000003 -0.057155 0.000003 -0.998365 0.998365 -0.000002 -0.057155
-0.679283 3.239280 -6.853460 -0.000008 1.000000 0.000006 -0.057154 0.000006 -0.998365 0.998365 0.000008 -0.057154
triangle
0.000000 -2.897140 -6.853460 -0.000008 1.000000 -0.000001 -0.022344 -0.000001 -0.999750 -0.999750 -0.000008 0.022344
-0.436697 -2.613460 -6.853460 -0.000024 1.000000 -0.000037 -0.022352 -0.000038 -0.999750 -0.999750 -0.000023 0.022352
-0.764220 -1.315040 -6.853500 0.000077 1.000000 0.000013 -0.022306 0.000015 -0.999751 -0.999751 0.000076 0.022306
triangle
0.000000 -2.897140 -6.853460 -0.000008 1.000000 -0.000001 -0.038919 -0.000001 -0.999242 -0.999242 -0.000008 0.038919
-0.764220 -1.315040 -6.853500 0.000077 1.000000 0.000013 -0.038871 0.000016 -0.999244 -0.999244 0.000076 0.038871
-1.058940 1.928470 -6.853460 0.000002 1.000000 0.000003 -0.038913 0.000003 -0.999243 -0.999243 0.000002 0.038913
triangle
-0.764220 -1.315040 -6.853500 0.000077 1.000000 0.000013 -0.146030 0.000024 -0.989280 0.989280 -0.000074 -0.146030
-1.200920 0.263778 -6.853510 0.000084 1.000000 0.000020 -0.146025 0.000032 -0.989281 0.989281 -0.000080 -0.146025
-1.058940 1.928470 -6.853460 0.000002 1.000000 0.000003 -0.146042 0.000003 -0.989278 0.989278 -0.000002 -0.146042
triangle
-0.448054 2.673340 -6.420040 -0.000008 -1.000000 -0.000011 0.106228 -0.000012 0.994342 -0.994342 0.000007 0.106228
-0.679283 3.239280 -6.420040 0.000000 -1.000000 0.000000 0.106227 -0.000000 0.994342 -0.994342 0.000000 0.106227
-1.058940 1.928470 -6.420040 -0.000003 -1.000000 -0.000011 0.106227 -0.000011 0.994342 -0.994342 0.000002 0.106227
triangle
-0.448054 2.673340 -6.420040 -0.000008 -1.000000 -0.000011 0.077554 -0.000012 0.996988 -0.996988 0.000007 0.077554
-1.058940 1.928470 -6.420040 -0.000003 -1.000000 -0.000011 0.077553 -0.000011 0.996988 -0.996988 0.000003 0.077553
0.764221 -1.315040 -6.420080 -0.000001 -1.000000 -0.000007 0.077553 -0.000007 0.996988 -0.996988 0.000000 0.077553
triangle
-0.448054 2.673340 -6.420040 -0.000008 -1.000000 -0.000011 0.080968 0.000010 -0.996717 -0.996717 0.000009 -0.080968
0.764221 -1.315040 -6.420080 -0.000001 -1.000000 -0.000007 0.080970 0.000007 -0.996717 -0.996717 0.000002 -0.080970
1.200920 0.263778 -6.420040 -0.000016 -1.000000 -0.000011 0.080966 0.000010 -0.996717 -0.996717 0.000017 -0.080966
triangle
-0.448054 2.673340 -6.420040 -0.000008 -1.000000 -0.000011 0.074914 -0.000012 0.997190 -0.997190 0.000007 0.074914
1.200920 0.263778 -6.420040 -0.000016 -1.000000 -0.000011 0.074918 -0.000012 0.997190 -0.997190 0.000015 0.074918
0.000000 2.460370 -6.420040 0.000000 -1.000000 0.000000 0.074912 -0.000000 0.997190 -0.997190 0.000000 0.074912
triangle
-1.058940 1.928470 -6.420040 -0.000003 -1.000000 -0.000011 0.155380 -0.000011 0.987855 -0.987855 0.000002 0.155380
-1.200920 0.263778 -6.420080 -0.000067 -1.000000 -0.000019 0.155369 -0.000029 0.987857 -0.987857 0.000064 0.155369
-0.764220 -1.315040 -6.420080 -0.000006 -1.000000 0.000000 0.155386 -0.000001 0.987854 -0.987854 0.000006 0.155386
triangle
-1.058940 1.928470 -6.420040 -0.000003 -1.000000 -0.000011 -0.002344 0.000011 -0.999997 -0.999997 0.000003 0.002344
-0.764220 -1.315040 -6.420080 -0.000006 -1.000000 0.000000 -0.002345 0.000000 -0.999997 -0.999997 0.000006 0.002345
0.764221 -1.315040 -6.420080 -0.000001 -1.000000 -0.000007 -0.002345 0.000007 -0.999997 -0.999997 0.000001 0.002345
triangle
0.000000 -2.897140 -6.420040 0.000019 -1.000000 0.000020 0.019215 -0.000019 -0.999815 -0.999815 -0.000019 -0.019215
0.436698 -2.613460 -6.420080 0.000111 -1.000000 -0.000028 0.019171 0.000030 -0.999816 -0.999816 -0.000110 -0.019171
0.764221 -1.315040 -6.420080 -0.000001 -1.000000 -0.000007 0.019224 0.000007 -0.999815 -0.999815 0.000001 -0.019224
triangle
-0.764220 -1.315040 -6.420080 -0.000006 -1.000000 0.000000 -0.002344 0.000000 -0.999997 -0.999997 0.000006 0.002344
0.000000 -2.897140 -6.420040 0.000019 -1.000000 0.000020 -0.002348 -0.000020 -0.999997 -0.999997 -0.000019 0.002348
0.764221 -1.315040 -6.420080 -0.000001 -1.000000 -0.000007 -0.002345 0.000007 -0.999997 -0.999997 0.000001 0.002345
triangle
-0.764220 -1.315040 -6.420080 -0.000006 -1.000000 0.000000 -0.023894 0.000000 -0.999715 -0.999715 0.000006 0.023894
-0.436697 -2.613460 -6.420040 0.000024 -1.000000 0.000037 -0.023909 -0.000038 -0.999714 -0.999714 -0.000023 0.023909
0.000000 -2.897140 -6.420040 0.000019 -1.000000 0.000020 -0.023906 -0.000020 -0.999714 -0.999714 -0.000019 0.023906
triangle
1.200920 0.263778 -6.420040 -0.000016 -1.000000 -0.000011 -0.073414 -0.000010 0.997302 -0.997302 0.000017 -0.073414
1.058940 1.928470 -6.420040 0.000000 -1.000000 0.000000 -0.073420 -0.000000 0.997301 -0.997301 0.000000 -0.073420
0.000000 2.460370 -6.420040 0.000000 -1.000000 0.000000 -0.073420 -0.000000 0.997301 -0.997301 0.000000 -0.073420
triangle
1.058940 1.928470 -6.420040 0.000000 -1.000000 0.000000 -0.052383 -0.000000 0.998627 -0.998627 0.000000 -0.052383
0.448055 2.673340 -6.420040 0.000000 -1.000000 0.000000 -0.052383 -0.000000 0.998627 -0.998627 0.000000 -0.052383
0.000000 2.460370 -6.420040 0.000000 -1.000000 0.000000 -0.052383 -0.000000 0.998627 -0.998627 0.000000 -0.052383
triangle
1.058940 1.928470 -6.420040 0.000000 -1.000000 0.000000 -0.101966 -0.000000 0.994788 -0.994788 0.000000 -0.101966
0.679283 3.239280 -6.420040 0.000000 -1.000000 0.000000 -0.101966 -0.000000 0.994788 -0.994788 0.000000 -0.101966
0.448055 2.673340 -6.420040 0.000000 -1.000000 0.000000 -0.101966 -0.000000 0.994788 -0.994788 0.000000 -0.101966
triangle
0.000000 2.460370 -6.853460 0.000000 0.000000 1.000000 -0.919897 -0.392159 0.000000 -0.392159 0.919897 -0.000000
0.000000 2.460370 -6.420040 0.000000 0.000000 1.000000 -0.919897 -0.392159 0.000000 -0.392159 0.919897 -0.000000
0.448055 2.673340 -6.420040 -0.660556 0.000000 0.750777 -0.724723 -0.261152 -0.637633 -0.196067 0.965298 -0.172506
triangle
0.448055 2.673340 -6.420040 -0.660556 0.000000 0.750777 -0.631022 -0.541825 -0.555192 -0.406789 0.840492 -0.357905
0.448055 2.673340 -6.853460 -0.828065 0.000000 0.560632 -0.477161 -0.524983 -0.704777 -0.294322 0.851113 -0.434720
0.000000 2.460370 -6.853460 0.000000 0.000000 1.000000 -0.920257 -0.391315 0.000000 -0.391315 0.920257 -0.000000
triangle
0.448055 2.673340 -6.853460 -0.828065 0.000000 0.560632 -0.463791 0.561813 -0.685029 -0.314970 -0.827264 -0.465217
0.448055 2.673340 -6.420040 -0.660556 0.000000 0.750777 -0.630937 0.541999 -0.555117 -0.406921 -0.840379 -0.358021
0.679283 3.239280 -6.420040 -0.925715 0.000000 0.378223 -0.291323 0.637751 -0.713025 -0.241212 -0.770243 -0.590376
triangle
0.679283 3.239280 -6.420040 -0.925715 0.000000 0.378223 -0.367534 0.236053 -0.899554 0.089280 0.971740 0.218517
0.679283 3.239280 -6.853460 -0.925715 0.000000 0.378223 -0.367534 0.236053 -0.899554 0.089280 0.971740 0.218517
0.448055 2.673340 -6.853460 -0.828065 0.000000 0.560632 -0.503801 0.438706 -0.744125 0.245953 0.898631 0.363277
triangle
-0.679283 3.239280 -6.853460 0.925715 0.000000 0.378223 0.377555 0.059389 -0.924081 0.022462 -0.998235 -0.054977
-0.679283 3.239280 -6.420040 0.925715 0.000000 0.378223 0.377555 0.059389 -0.924081 0.022462 -0.998235 -0.054977
-0.448054 2.673340 -6.420040 0.753658 0.000000 0.657267 0.530256 0.590881 -0.608020 0.388367 -0.806758 -0.445322
triangle
-0.448054 2.673340 -6.420040 0.753658 0.000000 0.657267 -0.559195 -0.525507 0.641204 0.345399 -0.850789 -0.396053
-0.448054 2.673340 -6.853460 0.753658 0.000000 0.657267 -0.559195 -0.525507 0.641204 0.345399 -0.850789 -0.396053
-0.679283 3.239280 -6.853460 0.925715 0.000000 0.378223 -0.269525 -0.701562 0.659672 0.265347 -0.712609 -0.649446
triangle
0.000000 2.460370 -6.853460 0.000000 0.000000 1.000000 -0.012071 -0.999927 0.000000 -0.999927 0.012071 0.000000
-0.448054 2.673340 -6.853460 0.753658 0.000000 0.657267 0.556299 -0.532576 -0.637883 -0.350045 -0.846382 0.401380
-0.448054 2.673340 -6.420040 0.753658 0.000000 0.657267 0.556299 -0.532576 -0.637883 -0.350045 -0.846382 0.401380
triangle
-0.448054 2.673340 -6.420040 0.753658 0.000000 0.657267 0.623182 -0.317848 -0.714574 -0.208911 -0.948142 0.239549
0.000000 2.460370 -6.420040 0.000000 0.000000 1.000000 -0.071801 0.997419 -0.000000 -0.997419 -0.071801 0.000000
0.000000 2.460370 -6.853460 0.000000 0.000000 1.000000 -0.071801 0.997419 -0.000000 -0.997419 -0.071801 0.000000
triangle
0.955015 0.318254 -6.429520 0.998728 0.000000 0.050421 0.033478 -0.747760 -0.663125 -0.037702 -0.663970 0.746809
0.827067 1.000410 -5.499570 0.918348 0.000000 0.395774 0.192863 -0.873231 -0.447517 -0.345602 -0.487306 0.801930
0.955015 0.318254 -5.499570 0.999779 -0.010364 0.018290 0.005248 -0.719438 -0.694537 -0.020357 -0.694480 0.719224
triangle
0.955015 0.318254 -6.429520 0.998728 0.000000 0.050421 0.019664 -0.920819 -0.389494 -0.046428 -0.389990 0.919648
0.827067 1.000410 -6.429520 0.907902 -0.021460 0.418632 0.242963 -0.786883 -0.567260 -0.341588 -0.616728 0.709199
0.827067 1.000410 -5.499570 0.918348 0.000000 0.395774 0.221377 -0.828930 -0.513680 -0.328069 -0.559352 0.761246
triangle
0.827067 -0.851813 -6.429520 0.973792 -0.086963 -0.210159 0.209093 -0.021296 0.977664 -0.089496 -0.995984 -0.002555
0.955015 0.318254 -6.429520 0.998728 0.000000 0.050421 0.009740 0.981162 -0.192940 0.049471 -0.193186 -0.979914
0.955015 0.318254 -5.499570 0.999779 -0.010364 0.018290 0.013249 0.986130 -0.165446 0.016322 -0.165652 -0.986049
triangle
0.827067 1.000410 -6.429520 0.907902 -0.021460 0.418632 0.322763 -0.601438 -0.730819 -0.267465 -0.798632 0.539120
0.477508 1.499780 -5.499570 0.625690 -0.021204 0.779784 0.547903 -0.699599 -0.458655 -0.555261 -0.714221 0.426114
0.827067 1.000410 -5.499570 0.918348 0.000000 0.395774 0.317966 -0.595435 -0.737804 -0.235658 -0.803403 0.546817
triangle
0.955015 0.318254 -5.499570 0.999779 -0.010364 0.018290 -0.020739 -0.343970 0.938752 -0.003438 -0.938924 -0.344109
0.827067 1.000410 -5.499570 0.918348 0.000000 0.395774 0.153111 -0.922136 -0.355276 -0.364958 -0.386865 0.846842
0.827068 1.000410 -3.708600 0.918514 0.000000 0.395389 0.152935 -0.922166 -0.355277 -0.364614 -0.386796 0.847022
triangle
0.827067 1.000410 -5.499570 0.918348 0.000000 0.395774 0.342734 -0.500070 -0.795275 -0.197915 -0.865985 0.459239
0.477508 1.499780 -3.708600 0.611465 0.000000 0.791271 0.586822 -0.670821 -0.453475 -0.530801 -0.741619 0.410184
0.827068 1.000410 -3.708600 0.918514 0.000000 0.395389 0.342441 -0.499896 -0.795511 -0.197653 -0.866085 0.459161
triangle
0.827067 1.000410 -5.499570 0.918348 0.000000 0.395774 0.296714 -0.661772 -0.688490 -0.261912 -0.749705 0.607737
0.477508 1.499780 -5.499570 0.625690 -0.021204 0.779784 0.585599 -0.647633 -0.487488 -0.515351 -0.761657 0.392801
0.477508 1.499780 -3.708600 0.611465 0.000000 0.791271 0.600082 -0.651816 -0.463721 -0.515763 -0.758377 0.398563
triangle
0.827067 1.000410 -6.429520 0.907902 -0.021460 0.418632 0.350014 -0.510727 -0.785269 -0.230659 -0.859475 0.456179
0.477508 1.612570 -6.429520 0.645074 -0.132924 0.752469 0.582968 -0.551015 -0.597102 -0.493991 -0.823841 0.277955
0.477508 1.499780 -5.499570 0.625690 -0.021204 0.779784 0.682705 -0.468731 -0.560540 -0.377394 -0.883087 0.278804
triangle
0.477508 1.612570 -6.429520 0.645074 -0.132924 0.752469 0.592879 -0.534173 -0.602623 -0.482052 -0.834860 0.265773
0.000000 1.682560 -5.499570 -0.006800 -0.075696 0.997108 -0.909993 0.413856 0.025212 0.414567 0.907190 0.071697
0.477508 1.499780 -5.499570 0.625690 -0.021204 0.779784 0.691981 -0.446371 -0.567376 -0.360104 -0.894597 0.264617
triangle
0.477508 1.499780 -5.499570 0.625690 -0.021204 0.779784 0.764010 -0.185149 -0.618068 -0.157482 -0.982482 0.099646
0.000000 1.682560 -3.708600 -0.039611 0.000000 0.999215 -0.206653 0.978380 -0.008192 -0.977612 -0.206816 -0.038754
0.477508 1.499780 -3.708600 0.611465 0.000000 0.791271 0.777243 -0.187465 -0.600625 -0.148336 -0.982271 0.114628
triangle
0.477508 1.499780 -5.499570 0.625690 -0.021204 0.779784 0.596506 -0.631167 -0.495792 -0.502686 -0.775357 0.382266
0.000000 1.682560 -5.499570 -0.006800 -0.075696 0.997108 -0.980464 0.196524 0.008232 -0.196579 -0.977573 -0.075554
0.000000 1.682560 -3.708600 -0.039611 0.000000 0.999215 -0.090476 -0.995892 -0.003587 -0.995111 0.090547 -0.039448
triangle
0.827068 1.000410 -3.708600 0.918514 0.000000 0.395389 -0.314098 -0.607390 0.729671 0.240155 -0.794404 -0.557896
0.477508 1.499780 -3.708600 0.611465 0.000000 0.791271 0.474353 -0.800388 -0.366562 -0.633324 -0.599482 0.489410
0.477508 1.499780 -0.303197 0.634366 -0.013636 0.772912 0.455167 -0.801559 -0.387719 -0.624822 -0.597760 0.502275
triangle
0.477508 1.499780 -3.708600 0.611465 0.000000 0.791271 0.313725 0.918042 -0.242435 0.726421 -0.396482 -0.561351
0.000000 1.682560 -0.303197 -0.028123 -0.015519 0.999484 -0.832446 0.553908 -0.014822 -0.553392 -0.832434 -0.028496
0.477508 1.499780 -0.303197 0.634366 -0.013636 0.772912 0.333598 0.906780 -0.257803 0.697346 -0.421383 -0.579780
triangle
0.477508 1.499780 -3.708600 0.611465 0.000000 0.791271 -0.447271 -0.824915 0.345635 0.652732 -0.565257 -0.504407
0.000000 1.682560 -3.708600 -0.039611 0.000000 0.999215 -0.135569 -0.990753 -0.005374 -0.989976 0.135676 -0.039244
0.000000 1.682560 -0.303197 -0.028123 -0.015519 0.999484 -0.983298 0.180297 -0.024868 -0.179818 -0.983490 -0.020330
triangle
0.827068 1.000410 -3.708600 0.918514 0.000000 0.395389 0.359833 0.414445 -0.835916 0.163867 -0.910075 -0.380673
0.477508 1.499780 -0.303197 0.634366 -0.013636 0.772912 0.341509 0.901928 -0.264381 0.693506 -0.431671 -0.576809
0.827067 1.000410 -0.303197 0.917544 -0.003531 0.397618 0.362958 0.415838 -0.833870 0.162401 -0.909432 -0.382832
triangle
0.827067 1.000410 -0.303197 0.917544 -0.003531 0.397618 0.033207 -0.995787 -0.085470 0.396245 0.091626 -0.913562
0.477508 1.499780 -0.303197 0.634366 -0.013636 0.772912 -0.190987 -0.971613 0.139611 0.749068 -0.236181 -0.618963
0.477508 1.357240 3.988420 0.624040 0.061570 0.778963 -0.109948 -0.980054 0.165545 0.773618 -0.188953 -0.604823
triangle
0.477508 1.499780 -0.303197 0.634366 -0.013636 0.772912 0.383655 -0.862464 -0.330099 -0.671110 -0.505935 0.541887
0.000000 1.574560 3.988420 0.019913 0.070671 0.997301 -0.944792 0.327641 -0.004353 0.327065 0.942155 -0.073294
0.477508 1.357240 3.988420 0.624040 0.061570 0.778963 0.725773 0.323709 -0.607014 0.289531 -0.944151 -0.157322
triangle
0.477508 1.499780 -0.303197 0.634366 -0.013636 0.772912 -0.000984 -0.999858 -0.016832 0.773032 0.009917 -0.634290
0.000000 1.682560 -0.303197 -0.028123 -0.015519 0.999484 -0.161461 -0.986679 -0.019863 -0.986478 0.161936 -0.025242
0.000000 1.574560 3.988420 0.019913 0.070671 0.997301 -0.983450 0.181053 0.006806 0.180084 0.980931 -0.073107
triangle
0.955015 0.318255 -3.708600 0.999838 0.001917 0.017909 0.017929 -0.011335 -0.999775 0.001714 -0.999934 0.011367
0.827067 1.000410 -0.303197 0.917544 -0.003531 0.397618 0.061242 0.989284 -0.132538 0.392889 -0.145960 -0.907928
0.955015 0.318255 -0.303197 0.999982 0.001390 0.005880 0.005899 -0.013583 -0.999890 0.001309 -0.999907 0.013591
triangle
0.955015 0.318255 -3.708600 0.999838 0.001917 0.017909 -0.015817 -0.382146 0.923967 0.008615 -0.924100 -0.382054
0.827068 1.000410 -3.708600 0.918514 0.000000 0.395389 -0.377432 -0.297944 0.876798 0.117804 -0.954583 -0.273666
0.827067 1.000410 -0.303197 0.917544 -0.003531 0.397618 -0.380424 -0.298795 0.875214 0.115716 -0.954311 -0.275501
triangle
0.955015 0.318255 -0.303197 0.999982 0.001390 0.005880 0.005894 -0.010094 -0.999932 0.001330 -0.999948 0.010102
0.827067 1.000410 -0.303197 0.917544 -0.003531 0.397618 -0.022785 -0.998784 0.043709 0.396980 -0.049164 -0.916509
0.827067 1.000410 3.988420 0.940021 0.007538 0.341034 -0.003119 -0.999524 0.030691 0.341103 -0.029914 -0.939550
triangle
0.827067 1.000410 -0.303197 0.917544 -0.003531 0.397618 0.169057 -0.901619 -0.398123 0.359906 0.432516 -0.826679
0.477508 1.357240 3.988420 0.624040 0.061570 0.778963 0.754111 0.213662 -0.621019 0.204671 -0.974966 -0.086903
0.827067 1.000410 3.988420 0.940021 0.007538 0.341034 0.171488 -0.874678 -0.453354 0.294877 0.484646 -0.823508
triangle
0.827067 1.000410 3.988420 0.940021 0.007538 0.341034 0.305101 0.428546 -0.850448 0.152559 -0.903489 -0.400542
0.477508 1.357240 3.988420 0.624040 0.061570 0.778963 0.738395 0.279665 -0.613645 0.255630 -0.958122 -0.129059
0.477508 1.938260 6.437590 0.826935 0.078575 0.556780 0.478775 0.420878 -0.770478 0.294877 -0.903708 -0.310419
triangle
0.477508 1.357240 3.988420 0.624040 0.061570 0.778963 0.731235 0.305393 -0.609943 0.275444 -0.950234 -0.145556
0.000000 2.179820 6.437590 0.145817 0.234358 0.961152 -0.865793 -0.439855 0.238600 -0.478685 0.866951 -0.138767
0.477508 1.938260 6.437590 0.826935 0.078575 0.556780 0.483986 0.404605 -0.775920 0.286244 -0.911110 -0.296553
triangle
0.477508 1.357240 3.988420 0.624040 0.061570 0.778963 0.746297 0.248447 -0.617508 0.231551 -0.966687 -0.109092
0.000000 1.574560 3.988420 0.019913 0.070671 0.997301 -0.948502 0.316752 -0.003507 -0.316145 -0.945872 0.073339
0.000000 2.179820 6.437590 0.145817 0.234358 0.961152 -0.230766 0.952794 -0.197310 -0.962021 -0.193030 0.193015
triangle
0.955015 0.318255 -0.303197 0.999982 0.001390 0.005880 0.005100 -0.716094 -0.697985 0.003241 0.698003 -0.716088
0.827067 1.000410 3.988420 0.940021 0.007538 0.341034 0.104039 -0.958457 -0.265588 0.324864 0.285139 -0.901753
0.955015 0.318255 3.988420 0.999749 -0.008192 -0.020861 -0.020930 -0.674084 -0.738358 -0.008014 0.738609 -0.674086
triangle
0.955015 0.318255 3.988420 0.999749 -0.008192 -0.020861 -0.002939 0.874857 -0.484373 -0.022218 -0.484313 -0.874613
0.827067 1.000410 3.988420 0.940021 0.007538 0.341034 0.162444 0.869223 -0.466972 0.299955 -0.494362 -0.815864
0.827067 0.789112 6.437590 0.966969 -0.017303 0.254308 0.147567 0.851497 -0.503167 0.207836 -0.524074 -0.825924
triangle
0.827067 1.000410 3.988420 0.940021 0.007538 0.341034 0.283535 0.538578 -0.793436 0.189654 -0.842542 -0.504137
0.477508 1.938260 6.437590 0.826935 0.078575 0.556780 0.456934 0.483173 -0.746830 0.327704 -0.871992 -0.363649
0.827067 0.789112 6.437590 0.966969 -0.017303 0.254308 0.219291 0.565058 -0.795375 0.129936 -0.824870 -0.550188
triangle
0.827068 -0.746158 -0.303197 0.953316 -0.006779 -0.301898 0.295263 -0.188675 0.936601 -0.063310 -0.982016 -0.177866
0.955015 0.318255 3.988420 0.999749 -0.008192 -0.020861 0.015868 -0.398605 0.916985 -0.015827 -0.917086 -0.398375
0.827067 -0.094261 4.344190 0.919412 -0.035013 -0.391733 0.383079 -0.145814 0.912134 -0.089057 -0.988692 -0.120651
triangle
0.827068 -0.746158 -0.303197 0.953316 -0.006779 -0.301898 0.301813 0.054020 0.951835 0.009856 -0.998517 0.053544
0.955015 0.318255 -0.303197 0.999982 0.001390 0.005880 0.005951 -0.394641 -0.918816 0.001044 0.918834 -0.394643
0.955015 0.318255 3.988420 0.999749 -0.008192 -0.020861 -0.022353 -0.297237 -0.954542 0.001619 0.954769 -0.297346
triangle
0.955015 0.318255 3.988420 0.999749 -0.008192 -0.020861 -0.003756 0.856413 -0.516277 -0.022095 -0.516226 -0.856167
0.827067 0.789112 6.437590 0.966969 -0.017303 0.254308 0.159470 0.819390 -0.550608 0.198850 -0.572975 -0.795084
0.955015 0.318255 6.437590 0.996553 0.003659 -0.082882 -0.044185 0.868956 -0.492913 -0.070217 -0.494876 -0.866122
triangle
0.827067 -0.094261 4.344190 0.919412 -0.035013 -0.391733 -0.241410 -0.836557 -0.491827 0.310487 -0.546760 0.777593
0.955015 0.318255 3.988420 0.999749 -0.008192 -0.020861 -0.018073 -0.845109 -0.534289 0.013253 -0.534532 0.845044
0.955015 0.318255 6.437590 0.996553 0.003659 -0.082882 -0.042242 -0.837449 -0.544880 0.071403 -0.546503 0.834408
triangle
0.477508 -1.393460 -0.303197 0.765501 -0.025047 -0.642948 0.614916 -0.265717 0.742477 -0.189439 -0.963726 -0.188005
0.827067 -0.094261 4.344190 0.919412 -0.035013 -0.391733 0.363470 -0.304829 0.880323 -0.150235 -0.951763 -0.267538
0.477508 -0.779968 5.007010 0.771752 -0.014673 -0.635755 0.609615 -0.267511 0.746195 -0.181021 -0.963443 -0.197507
triangle
0.477508 -1.393460 -0.303197 0.765501 -0.025047 -0.642948 -0.422084 0.734654 -0.531157 -0.485648 -0.677979 -0.551806
0.827068 -0.746158 -0.303197 0.953316 -0.006779 -0.301898 -0.299868 0.096625 -0.949075 -0.035605 -0.995298 -0.090082
0.827067 -0.094261 4.344190 0.919412 -0.035013 -0.391733 -0.373715 0.232583 -0.897910 -0.122549 -0.971946 -0.200755
triangle
0.477508 -0.779968 5.007010 0.771752 -0.014673 -0.635755 -0.467359 -0.691050 -0.551384 0.431248 -0.722658 0.540177
0.827067 -0.094261 4.344190 0.919412 -0.035013 -0.391733 -0.305696 -0.690289 -0.655782 0.247448 -0.722686 0.645364
0.827067 -0.186667 6.437590 0.940482 0.060902 -0.334343 -0.200925 -0.693804 -0.691567 0.274087 -0.717584 0.640274
triangle
0.827067 -0.094261 4.344190 0.919412 -0.035013 -0.391733 -0.203112 -0.895196 -0.396698 0.336788 -0.444295 0.830166
0.955015 0.318255 6.437590 0.996553 0.003659 -0.082882 -0.040549 -0.850089 -0.525075 0.072378 -0.526626 0.847010
0.827067 -0.186667 6.437590 0.940482 0.060902 -0.334343 -0.124532 -0.853620 -0.505792 0.316206 -0.517324 0.795229
triangle
0.477508 -1.147780 -3.708600 0.740885 0.051495 -0.669655 0.061344 -0.998077 -0.008880 -0.668825 -0.034500 -0.742619
0.827068 -0.746158 -0.303197 0.953316 -0.006779 -0.301898 -0.301846 0.007780 -0.953325 -0.008812 -0.999947 -0.005371
0.477508 -1.393460 -0.303197 0.765501 -0.025047 -0.642948 -0.021511 -0.999680 0.013332 -0.643076 0.003625 -0.765794
triangle
0.477508 -1.147780 -3.708600 0.740885 0.051495 -0.669655 -0.173786 -0.948402 -0.265201 -0.648759 0.312860 -0.693708
0.827068 -0.536743 -3.708600 0.961379 0.017850 -0.274650 -0.187793 -0.686977 -0.701995 -0.201209 0.726460 -0.657093
0.827068 -0.746158 -0.303197 0.953316 -0.006779 -0.301898 -0.222155 -0.692909 -0.685948 -0.204538 0.720994 -0.662067
triangle
0.827068 -0.536743 -3.708600 0.961379 0.017850 -0.274650 0.275008 -0.022303 0.961183 0.011032 -0.999592 -0.026350
0.955015 0.318255 -0.303197 0.999982 0.001390 0.005880 0.006042 -0.214387 -0.976730 -0.000097 0.976748 -0.214391
0.827068 -0.746158 -0.303197 0.953316 -0.006779 -0.301898 0.300420 -0.080022 0.950444 -0.030602 -0.996770 -0.074250
triangle
0.000000 -1.400110 -3.708600 0.077958 0.083897 -0.993420 0.264822 -0.962398 -0.060496 -0.961141 -0.258363 -0.097244
0.477508 -1.393460 -0.303197 0.765501 -0.025047 -0.642948 -0.180077 -0.967650 -0.176706 -0.617723 0.251048 -0.745247
0.000000 -1.661130 -0.303197 0.067760 -0.037090 -0.997012 -0.969879 -0.236799 -0.057107 0.233974 -0.970850 0.052018
triangle
0.000000 -1.400110 -3.708600 0.077958 0.083897 -0.993420 -0.075000 -0.993136 -0.089759 0.994132 -0.081504 0.071130
0.477508 -1.147780 -3.708600 0.740885 0.051495 -0.669655 -0.644350 0.335787 -0.687067 -0.189481 -0.940529 -0.281960
0.477508 -1.393460 -0.303197 0.765501 -0.025047 -0.642948 -0.571291 0.433277 -0.697064 -0.296033 -0.900913 -0.317365
triangle
0.000000 -1.661130 -0.303197 0.067760 -0.037090 -0.997012 -0.282659 0.957652 -0.054836 -0.956824 -0.285530 -0.054407
0.477508 -1.393460 -0.303197 0.765501 -0.025047 -0.642948 -0.312141 0.859331 -0.405114 -0.562652 -0.510805 -0.650001
0.477508 -0.779968 5.007010 0.771752 -0.014673 -0.635755 -0.321027 0.854005 -0.409410 -0.548945 -0.520057 -0.654369
triangle
0.000000 -1.193980 -5.499570 0.035677 -0.252296 -0.966992 -0.599448 -0.779612 0.181291 -0.799618 0.573194 -0.179053
0.477508 -1.147780 -3.708600 0.740885 0.051495 -0.669655 -0.636673 0.371330 -0.675841 -0.213861 -0.927072 -0.307898
0.000000 -1.400110 -3.708600 0.077958 0.083897 -0.993420 -0.981077 -0.170687 -0.091404 0.177232 -0.981747 -0.069003
triangle
0.000000 -1.193980 -5.499570 0.035677 -0.252296 -0.966992 -0.918724 0.372508 -0.131086 0.393285 0.893076 -0.218501
0.477508 -1.011200 -5.499570 0.727860 -0.185522 -0.660152 -0.283946 0.794753 -0.536417 -0.624175 -0.577884 -0.525791
0.477508 -1.147780 -3.708600 0.740885 0.051495 -0.669655 -0.583623 0.542783 -0.603963 -0.332376 -0.838293 -0.432193
triangle
0.477508 -1.011200 -5.499570 0.727860 -0.185522 -0.660152 -0.225367 0.844509 -0.485813 -0.647633 -0.502381 -0.572874
0.827068 -0.536743 -3.708600 0.961379 0.017850 -0.274650 -0.218383 0.656816 -0.721735 -0.167511 -0.753839 -0.635347
0.477508 -1.147780 -3.708600 0.740885 0.051495 -0.669655 -0.617402 0.444717 -0.648877 -0.264393 -0.894190 -0.361277
triangle
0.477508 -1.011200 -5.499570 0.727860 -0.185522 -0.660152 -0.304147 0.775487 -0.553276 -0.614585 -0.603491 -0.508020
0.827068 -0.363898 -5.499570 0.953744 -0.067629 -0.292914 -0.148222 0.741909 -0.653912 -0.261539 -0.667081 -0.697568
0.827068 -0.536743 -3.708600 0.961379 0.017850 -0.274650 -0.205516 0.710308 -0.673221 -0.183069 -0.703665 -0.686543
triangle
0.827068 -0.363898 -5.499570 0.953744 -0.067629 -0.292914 -0.299280 -0.121706 -0.946372 0.028353 0.990260 -0.136316
0.955015 0.318255 -3.708600 0.999838 0.001917 0.017909 0.017795 -0.258601 -0.965820 0.002779 0.965982 -0.258594
0.827068 -0.536743 -3.708600 0.961379 0.017850 -0.274650 -0.260904 -0.258641 -0.930072 -0.087638 0.965809 -0.243995
triangle
0.827068 -0.536743 -3.708600 0.961379 0.017850 -0.274650 0.246871 -0.497101 0.831833 -0.121680 -0.867509 -0.482309
0.955015 0.318255 -3.708600 0.999838 0.001917 0.017909 -0.017776 -0.055171 0.998319 0.002902 -0.998475 -0.055128
0.955015 0.318255 -0.303197 0.999982 0.001390 0.005880 -0.005787 -0.059839 0.998191 0.001739 -0.998207 -0.059830
triangle
0.477508 -1.805020 -6.429520 0.794821 -0.365931 -0.484102 -0.435983 0.210558 -0.874977 -0.422113 -0.906510 -0.007816
0.827068 -0.363898 -5.499570 0.953744 -0.067629 -0.292914 -0.165607 -0.931386 -0.324183 -0.250892 0.357696 -0.899504
0.477508 -1.011200 -5.499570 0.727860 -0.185522 -0.660152 -0.336188 -0.935612 -0.107735 -0.597659 0.300352 -0.743365
triangle
0.477508 -1.805020 -6.429520 0.794821 -0.365931 -0.484102 0.507457 -0.036684 0.860896 -0.332787 -0.929919 0.156537
0.827067 -0.851813 -6.429520 0.973792 -0.086963 -0.210159 -0.227426 -0.361805 -0.904088 0.002586 0.928189 -0.372100
0.827068 -0.363898 -5.499570 0.953744 -0.067629 -0.292914 -0.297175 -0.359178 -0.884691 -0.045378 0.930816 -0.362661
triangle
0.827067 -0.851813 -6.429520 0.973792 -0.086963 -0.210159 -0.200653 0.106579 -0.973848 -0.107087 -0.990494 -0.086336
0.955015 0.318254 -5.499570 0.999779 -0.010364 0.018290 0.020323 0.253961 -0.967001 -0.005377 -0.967159 -0.254115
0.827068 -0.363898 -5.499570 0.953744 -0.067629 -0.292914 -0.284798 0.108675 -0.952408 -0.096243 -0.991774 -0.084388
triangle
0.827068 -0.363898 -5.499570 0.953744 -0.067629 -0.292914 0.295413 0.030274 0.954890 -0.055710 -0.997251 0.048852
0.955015 0.318254 -5.499570 0.999779 -0.010364 0.018290 0.014069 0.976344 -0.215764 0.015621 -0.215973 -0.976274
0.955015 0.318255 -3.708600 0.999838 0.001917 0.017909 0.002327 0.972234 -0.234000 0.017860 -0.234004 -0.972072
triangle
0.955015 0.318254 -5.499570 0.999779 -0.010364 0.018290 0.006563 -0.672654 -0.739928 -0.019972 -0.739885 0.672437
0.827068 1.000410 -3.708600 0.918514 0.000000 0.395389 0.193156 -0.872552 -0.448714 -0.344997 -0.488522 0.801451
0.955015 0.318255 -3.708600 0.999838 0.001917 0.017909 0.014251 -0.692252 -0.721515 -0.011014 -0.721653 0.692167
triangle
0.000000 -2.136350 -6.429520 0.091652 -0.689661 -0.718309 -0.966426 -0.235490 0.102787 -0.240043 0.684772 -0.688090
0.477508 -1.805020 -6.429520 0.794821 -0.365931 -0.484102 -0.433942 0.214928 -0.874929 -0.424211 -0.905484 -0.012037
0.477508 -1.011200 -5.499570 0.727860 -0.185522 -0.660152 -0.665899 0.038596 -0.745043 -0.163701 -0.981882 0.095446
triangle
0.000000 -2.136350 -6.429520 0.091652 -0.689661 -0.718309 0.084950 -0.713300 0.695691 -0.992161 -0.124782 -0.006789
0.477508 -1.011200 -5.499570 0.727860 -0.185522 -0.660152 -0.681018 -0.082953 -0.727553 0.080216 0.979132 -0.186722
0.000000 -1.193980 -5.499570 0.035677 -0.252296 -0.966992 0.863591 -0.479166 0.156880 -0.502930 -0.840682 0.200785
triangle
0.000000 -1.661130 -0.303197 0.067760 -0.037090 -0.997012 0.474510 -0.877854 0.064907 -0.877638 -0.477490 -0.041884
0.477508 -0.779968 5.007010 0.771752 -0.014673 -0.635755 -0.449796 -0.719309 -0.529413 0.449536 -0.694535 0.561728
0.000000 -1.095470 5.066220 -0.087797 0.017738 -0.995980 0.934770 0.346981 -0.076222 0.344235 -0.937704 -0.047045
triangle
0.000000 -1.095470 5.066220 -0.087797 0.017738 -0.995980 -0.788986 -0.611604 0.058658 0.608106 -0.790965 -0.067693
0.477508 -1.433640 6.428870 0.804497 0.261472 -0.533307 -0.405360 -0.414574 -0.814747 0.434129 -0.871643 0.227533
0.000000 -1.820210 6.390940 -0.184120 0.451112 -0.873269 -0.713650 -0.672283 -0.196821 0.675872 -0.586970 -0.445717
triangle
0.000000 -1.095470 5.066220 -0.087797 0.017738 -0.995980 -0.824555 -0.562301 0.062671 0.558929 -0.826743 -0.063995
0.477508 -0.779968 5.007010 0.771752 -0.014673 -0.635755 0.204126 -0.941114 0.269513 -0.602272 -0.337771 -0.723311
0.477508 -1.433640 6.428870 0.804497 0.261472 -0.533307 0.480321 -0.814581 0.325191 -0.349393 -0.517774 -0.780919
triangle
0.477508 -0.779968 5.007010 0.771752 -0.014673 -0.635755 0.605029 -0.290879 0.741167 -0.195803 -0.956647 -0.215609
0.827067 -0.186667 6.437590 0.940482 0.060902 -0.334343 0.307833 -0.569502 0.762173 -0.143991 -0.819731 -0.554353
0.477508 -1.433640 6.428870 0.804497 0.261472 -0.533307 0.588993 -0.467033 0.659520 -0.076626 -0.844697 -0.529732
triangle
0.477508 1.612570 -6.429520 0.645074 -0.132924 0.752469 0.618562 -0.487317 -0.616363 -0.448621 -0.863049 0.232134
0.000000 1.936010 -6.429520 -0.123604 -0.215174 0.968722 0.039186 -0.976505 -0.211903 -0.991558 -0.011769 -0.129132
0.000000 1.682560 -5.499570 -0.006800 -0.075696 0.997108 -0.792527 0.608471 0.040787 0.609799 0.789957 0.064129
triangle
0.000000 1.936010 -6.429520 -0.123604 -0.215174 0.968722 -0.786074 -0.574577 -0.227925 -0.605649 0.789659 0.098123
-0.477507 1.499780 -5.499570 -0.675857 -0.047470 0.735502 -0.675047 -0.360707 -0.643585 -0.295852 0.931471 -0.211741
0.000000 1.682560 -5.499570 -0.006800 -0.075696 0.997108 -0.906906 -0.419611 -0.038040 -0.421277 0.904542 0.065796
triangle
0.000000 1.936010 -6.429520 -0.123604 -0.215174 0.968722 -0.804967 0.592615 0.028923 0.580302 0.776214 0.246457
-0.477507 1.612570 -6.429520 -0.772153 -0.053979 0.633140 -0.529874 -0.495265 -0.688438 -0.350733 0.867063 -0.353818
-0.477507 1.499780 -5.499570 -0.675857 -0.047470 0.735502 -0.624871 -0.492277 -0.605970 -0.390837 0.869143 -0.303046
triangle
0.000000 1.682560 -5.499570 -0.006800 -0.075696 0.997108 -0.960273 -0.277691 -0.027630 0.278980 -0.957683 -0.070801
-0.477507 1.499780 -3.708600 -0.659993 0.000000 0.751271 -0.702699 -0.353734 -0.617322 -0.265750 0.935346 -0.233462
0.000000 1.682560 -3.708600 -0.039611 0.000000 0.999215 -0.277247 0.960736 -0.010991 -0.959982 -0.277465 -0.038055
triangle
0.000000 1.682560 -5.499570 -0.006800 -0.075696 0.997108 -0.916291 -0.398844 -0.036528 0.400455 -0.913889 -0.066648
-0.477507 1.499780 -5.499570 -0.675857 -0.047470 0.735502 -0.585968 -0.570693 -0.575283 -0.447055 0.819790 -0.357891
-0.477507 1.499780 -3.708600 -0.659993 0.000000 0.751271 -0.640790 -0.522007 -0.562936 -0.392169 0.852941 -0.344521
triangle
-0.477507 1.612570 -6.429520 -0.772153 -0.053979 0.633140 -0.525111 -0.506875 -0.683620 -0.357824 0.860328 -0.363040
-0.827067 1.000410 -5.499570 -0.937756 -0.007386 0.347218 -0.292374 -0.522789 -0.800755 -0.187436 0.852430 -0.488089
-0.477507 1.499780 -5.499570 -0.675857 -0.047470 0.735502 -0.620014 -0.502935 -0.602195 -0.398496 0.863020 -0.310480
triangle
-0.477507 1.499780 -5.499570 -0.675857 -0.047470 0.735502 -0.554790 -0.624191 -0.550086 -0.485207 0.779828 -0.395528
-0.827067 1.000410 -3.708600 -0.935201 0.000000 0.354118 -0.294566 -0.555032 -0.777927 -0.196547 0.831829 -0.519066
-0.477507 1.499780 -3.708600 -0.659993 0.000000 0.751271 -0.582618 -0.631336 -0.511831 -0.474304 0.775510 -0.416677
triangle
-0.477507 1.499780 -5.499570 -0.675857 -0.047470 0.735502 -0.506815 -0.694608 -0.510546 -0.535122 0.717820 -0.445397
-0.827067 1.000410 -5.499570 -0.937756 -0.007386 0.347218 -0.262079 -0.640956 -0.721450 -0.227880 0.767542 -0.599124
-0.827067 1.000410 -3.708600 -0.935201 0.000000 0.354118 -0.271403 -0.642340 -0.716756 -0.227464 0.766419 -0.600717
triangle
-0.477507 1.612570 -6.429520 -0.772153 -0.053979 0.633140 -0.407134 -0.722977 -0.558163 -0.487875 0.688760 -0.536272
-0.827067 1.000410 -6.429520 -0.956144 0.000000 0.292897 -0.228786 -0.624389 -0.746857 -0.182881 0.781113 -0.597006
-0.827067 1.000410 -5.499570 -0.937756 -0.007386 0.347218 -0.262058 -0.641026 -0.721395 -0.227904 0.767484 -0.599190
triangle
-0.827067 1.000410 -6.429520 -0.956144 0.000000 0.292897 -0.155133 -0.848216 -0.506422 -0.248440 0.529651 -0.811017
-0.955015 0.318254 -5.499570 -0.999817 0.003762 -0.018739 0.005031 -0.894080 -0.447879 0.018439 0.447891 -0.893898
-0.827067 1.000410 -5.499570 -0.937756 -0.007386 0.347218 -0.188807 -0.828281 -0.527545 -0.291490 0.560265 -0.775330
triangle
-0.827067 1.000410 -5.499570 -0.937756 -0.007386 0.347218 -0.168059 -0.865272 -0.472294 -0.303926 0.501249 -0.810172
-0.955015 0.318255 -3.708600 -0.999868 0.002087 -0.016093 0.006454 -0.858726 -0.512395 0.014889 0.512432 -0.858599
-0.827067 1.000410 -3.708600 -0.935201 0.000000 0.354118 -0.172858 -0.872768 -0.456505 -0.309063 0.488136 -0.816213
triangle
-0.827067 1.000410 -5.499570 -0.937756 -0.007386 0.347218 -0.135749 -0.912441 -0.386036 -0.319667 0.409142 -0.854644
-0.955015 0.318254 -5.499570 -0.999817 0.003762 -0.018739 0.006904 -0.843178 -0.537591 0.017823 0.537622 -0.842998
-0.955015 0.318255 -3.708600 -0.999868 0.002087 -0.016093 0.006925 -0.841960 -0.539496 0.014676 0.539537 -0.841834
triangle
-0.477507 1.499780 -3.708600 -0.659993 0.000000 0.751271 -0.467567 -0.782725 -0.410758 -0.588039 0.622367 -0.516594
-0.827067 1.000410 -3.708600 -0.935201 0.000000 0.354118 -0.210954 -0.803195 -0.557114 -0.284426 0.595716 -0.751149
-0.827067 1.000410 -0.303202 -0.930197 0.000000 0.367060 -0.218509 -0.803507 -0.553742 -0.294935 0.595295 -0.747420
triangle
-0.827067 1.000410 -3.708600 -0.935201 0.000000 0.354118 -0.238079 -0.740266 -0.628749 -0.262141 0.672314 -0.692297
-0.955015 0.318255 -0.303197 -0.999950 -0.004655 -0.008870 0.009244 -0.087692 -0.996105 -0.003860 0.996137 -0.087730
-0.827067 1.000410 -0.303202 -0.930197 0.000000 0.367060 -0.234426 -0.769490 -0.594078 -0.282449 0.638659 -0.715778
triangle
-0.827067 1.000410 -3.708600 -0.935201 0.000000 0.354118 -0.110452 -0.950113 -0.291696 -0.336452 0.311907 -0.888546
-0.955015 0.318255 -3.708600 -0.999868 0.002087 -0.016093 0.007108 -0.835163 -0.549957 0.014588 0.549999 -0.835038
-0.955015 0.318255 -0.303197 -0.999950 -0.004655 -0.008870 0.008743 -0.837775 -0.545946 0.004889 0.545996 -0.837773
triangle
0.000000 1.682560 -3.708600 -0.039611 0.000000 0.999215 0.044892 -0.998990 0.001780 -0.998206 -0.044928 -0.039571
-0.477507 1.499780 -3.708600 -0.659993 0.000000 0.751271 -0.453375 0.797381 -0.398290 -0.599050 -0.603476 -0.526266
-0.477507 1.499780 -0.303197 -0.615024 -0.009792 0.788448 -0.476256 0.801539 -0.361546 -0.628431 -0.597863 -0.497629
triangle
-0.477507 1.499780 -3.708600 -0.659993 0.000000 0.751271 -0.101177 -0.990890 -0.088884 -0.744427 0.134674 -0.653981
-0.827067 1.000410 -0.303202 -0.930197 0.000000 0.367060 -0.354129 0.263090 -0.897428 0.096570 0.964771 0.244726
-0.477507 1.499780 -0.303197 -0.615024 -0.009792 0.788448 -0.136340 -0.983541 -0.118567 -0.776632 0.180418 -0.603566
triangle
0.000000 1.682560 -3.708600 -0.039611 0.000000 0.999215 -0.239891 0.970753 -0.009510 -0.969991 -0.240079 -0.038452
-0.477507 1.499780 -0.303197 -0.615024 -0.009792 0.788448 -0.259696 0.946651 -0.190817 0.744516 0.322113 0.584756
0.000000 1.682560 -0.303197 -0.028123 -0.015519 0.999484 -0.197360 0.980283 0.009668 -0.979928 -0.196986 -0.030631
triangle
0.000000 1.682560 -0.303197 -0.028123 -0.015519 0.999484 -0.912679 -0.407421 -0.032006 -0.407708 0.913109 0.002706
-0.477507 1.499780 -0.303197 -0.615024 -0.009792 0.788448 -0.033150 0.999360 -0.013446 -0.787811 -0.034406 -0.614955
-0.477507 1.357240 3.988420 -0.660798 0.020987 0.750271 0.023891 0.999691 -0.006923 -0.750184 0.013350 -0.661095
triangle
-0.477507 1.499780 -0.303197 -0.615024 -0.009792 0.788448 -0.771580 0.213561 -0.599213 0.162514 0.976881 0.138901
-0.827067 1.000410 3.988420 -0.898416 -0.013147 0.438949 0.157449 0.923455 0.349915 -0.409950 0.383481 -0.827577
-0.477507 1.357240 3.988420 -0.660798 0.020987 0.750271 0.214031 0.963374 0.161558 -0.719401 0.267339 -0.641087
triangle
-0.477507 1.499780 -0.303197 -0.615024 -0.009792 0.788448 -0.194550 0.970894 -0.139699 -0.764131 -0.239310 -0.599028
-0.827067 1.000410 -0.303202 -0.930197 0.000000 0.367060 0.037840 0.994672 0.095893 -0.365104 0.103088 -0.925241
-0.827067 1.000410 3.988420 -0.898416 -0.013147 0.438949 0.022577 0.996847 0.076066 -0.438565 0.078249 -0.895286
triangle
-0.827067 1.000410 -0.303202 -0.930197 0.000000 0.367060 0.203443 0.832350 0.515562 -0.305523 0.554250 -0.774250
-0.955015 0.318255 3.988420 -0.999693 0.001040 0.024743 0.022981 0.411357 0.911185 -0.009231 0.911474 -0.411254
-0.827067 1.000410 3.988420 -0.898416 -0.013147 0.438949 0.169109 0.912109 0.373442 -0.405279 0.409736 -0.817230
triangle
-0.827067 1.000410 -0.303202 -0.930197 0.000000 0.367060 -0.007998 0.999763 -0.020267 -0.366973 -0.021788 -0.929976
-0.955015 0.318255 -0.303197 -0.999950 -0.004655 -0.008870 0.008928 -0.012658 -0.999880 -0.004543 0.999909 -0.012699
-0.955015 0.318255 3.988420 -0.999693 0.001040 0.024743 -0.024753 -0.010624 -0.999637 0.000777 0.999943 -0.010646
triangle
-0.955015 0.318255 -3.708600 -0.999868 0.002087 -0.016093 -0.015601 0.149219 0.988681 0.004465 0.988802 -0.149167
-0.827067 -0.746159 -0.303197 -0.958726 -0.019677 -0.283650 0.284245 -0.090978 -0.954425 -0.007026 -0.995659 0.092816
-0.955015 0.318255 -0.303197 -0.999950 -0.004655 -0.008870 -0.009439 0.141407 0.989907 -0.003354 0.989941 -0.141444
triangle
-0.955015 0.318255 -0.303197 -0.999950 -0.004655 -0.008870 0.005729 0.460549 -0.887616 0.008217 -0.887622 -0.460499
-0.827067 -0.094261 4.344190 -0.958391 -0.002588 -0.285445 -0.283239 0.133026 0.949779 0.035514 0.991109 -0.128224
-0.955015 0.318255 3.988420 -0.999693 0.001040 0.024743 -0.018779 0.619524 -0.784753 -0.016145 -0.784977 -0.619314
triangle
-0.955015 0.318255 -0.303197 -0.999950 -0.004655 -0.008870 -0.009852 0.296985 0.954831 -0.001811 0.954871 -0.297016
-0.827067 -0.746159 -0.303197 -0.958726 -0.019677 -0.283650 0.284273 -0.046069 -0.957636 0.005776 -0.998744 0.049761
-0.827067 -0.094261 4.344190 -0.958391 -0.002588 -0.285445 0.285189 -0.052029 -0.957058 -0.012375 -0.998642 0.050602
triangle
-0.827067 1.000410 3.988420 -0.898416 -0.013147 0.438949 -0.409588 0.385597 -0.826772 0.158388 0.922574 0.351811
-0.955015 0.318255 3.988420 -0.999693 0.001040 0.024743 -0.016866 0.702990 -0.710999 0.018134 0.711199 0.702757
-0.955015 0.318255 6.437590 -0.997014 -0.006638 0.076943 -0.062372 0.656721 -0.751550 0.045541 0.754104 0.655174
triangle
-0.955015 0.318255 3.988420 -0.999693 0.001040 0.024743 -0.009523 -0.938439 -0.345313 -0.022861 0.345443 -0.938161
-0.827067 -0.186667 6.437590 -0.962765 0.009080 -0.270189 0.106370 -0.906097 -0.409481 0.248535 0.422973 -0.871392
-0.955015 0.318255 6.437590 -0.997014 -0.006638 0.076943 -0.018227 -0.947926 -0.317968 -0.075047 0.318421 -0.944974
triangle
-0.955015 0.318255 3.988420 -0.999693 0.001040 0.024743 -0.016895 -0.759150 -0.650696 -0.018107 0.650915 -0.758935
-0.827067 -0.094261 4.344190 -0.958391 -0.002588 -0.285445 0.179752 -0.782279 -0.596430 0.221754 0.622923 -0.750194
-0.827067 -0.186667 6.437590 -0.962765 0.009080 -0.270189 0.163124 -0.777476 -0.607389 0.215580 0.628847 -0.747045
triangle
-0.477507 1.357240 3.988420 -0.660798 0.020987 0.750271 -0.736591 0.173855 -0.653612 0.144156 0.984548 0.099424
-0.827067 1.000410 3.988420 -0.898416 -0.013147 0.438949 -0.433349 0.188409 -0.881312 0.071115 0.982003 0.174967
-0.827067 0.789112 6.437590 -0.922340 0.019471 0.385889 -0.374280 0.202957 -0.904833 0.095937 0.978994 0.179908
triangle
-0.827067 1.000410 3.988420 -0.898416 -0.013147 0.438949 0.417711 0.282885 0.863420 -0.135523 0.959064 -0.248657
-0.955015 0.318255 6.437590 -0.997014 -0.006638 0.076943 0.072099 0.277050 0.958147 -0.027677 0.960833 -0.275744
-0.827067 0.789112 6.437590 -0.922340 0.019471 0.385889 0.378605 0.244884 0.892575 -0.077119 0.969357 -0.233238
triangle
-0.477507 1.357240 3.988420 -0.660798 0.020987 0.750271 0.450930 0.810197 0.374491 -0.600007 0.585782 -0.544840
-0.827067 0.789112 6.437590 -0.922340 0.019471 0.385889 0.297044 0.674426 0.675955 -0.247092 0.738086 -0.627834
-0.477507 1.938260 6.437590 -0.767787 0.150027 0.622892 0.591412 0.539904 0.598945 -0.246444 0.828249 -0.503259
triangle
0.000000 1.574560 3.988420 0.019913 0.070671 0.997301 0.914803 0.401192 -0.046695 -0.403409 0.913264 -0.056661
-0.477507 1.938260 6.437590 -0.767787 0.150027 0.622892 -0.511843 0.441149 -0.737159 0.385382 0.884805 0.261919
0.000000 2.179820 6.437590 0.145817 0.234358 0.961152 0.786905 0.561350 -0.256256 -0.599598 0.793702 -0.102563
triangle
0.000000 1.574560 3.988420 0.019913 0.070671 0.997301 0.932275 0.359057 -0.044058 -0.361201 0.930636 -0.058735
-0.477507 1.357240 3.988420 -0.660798 0.020987 0.750271 -0.723782 0.246828 -0.644372 0.198712 0.968832 0.147914
-0.477507 1.938260 6.437590 -0.767787 0.150027 0.622892 -0.534387 0.386384 -0.751757 0.353459 0.910055 0.216488
triangle
0.000000 1.682560 -0.303197 -0.028123 -0.015519 0.999484 -0.967877 -0.249492 -0.031107 -0.249846 0.968253 0.008004
-0.477507 1.357240 3.988420 -0.660798 0.020987 0.750271 -0.735241 0.182853 -0.652676 0.150887 0.982916 0.105398
0.000000 1.574560 3.988420 0.019913 0.070671 0.997301 -0.984062 -0.174917 0.032043 -0.176709 0.982044 -0.066062
triangle
-0.827067 -0.746159 -0.303197 -0.958726 -0.019677 -0.283650 0.264297 0.306174 -0.914552 0.104842 -0.951772 -0.288336
-0.477507 -0.779968 5.007010 -0.795056 0.011735 -0.606422 0.135376 -0.971158 -0.196280 0.591235 0.238149 -0.770536
-0.827067 -0.094261 4.344190 -0.958391 -0.002588 -0.285445 0.270593 0.310228 -0.911339 0.090911 -0.950659 -0.296620
triangle
-0.827067 -0.094261 4.344190 -0.958391 -0.002588 -0.285445 0.170343 -0.807587 -0.564612 0.229061 0.589743 -0.774425
-0.477507 -1.433640 6.428870 -0.881961 0.135566 -0.451405 0.204314 -0.753110 -0.625365 0.424736 0.643776 -0.636516
-0.827067 -0.186667 6.437590 -0.962765 0.009080 -0.270189 0.155074 -0.800109 -0.579463 0.221442 0.599786 -0.768909
triangle
-0.827067 -0.094261 4.344190 -0.958391 -0.002588 -0.285445 0.226707 0.600743 -0.766624 0.173463 -0.799438 -0.575160
-0.477507 -0.779968 5.007010 -0.795056 0.011735 -0.606422 0.560965 0.394448 -0.727825 0.230661 -0.918844 -0.320191
-0.477507 -1.433640 6.428870 -0.881961 0.135566 -0.451405 0.446471 0.547185 -0.707991 0.151023 -0.825960 -0.543123
triangle
-0.827067 -0.746159 -0.303197 -0.958726 -0.019677 -0.283650 0.282103 0.058821 -0.957579 -0.035527 0.998075 0.050842
-0.477507 -1.393460 -0.303197 -0.731772 -0.031121 -0.680838 0.320111 0.866221 -0.383653 -0.601696 0.498691 0.623915
-0.477507 -0.779968 5.007010 -0.795056 0.011735 -0.606422 0.436658 0.705000 -0.558843 -0.420969 0.709111 0.565639
triangle
-0.477507 -1.393460 -0.303197 -0.731772 -0.031121 -0.680838 0.517874 0.624032 -0.585141 0.443075 -0.780779 -0.440532
0.000000 -1.095470 5.066220 -0.087797 0.017738 -0.995980 0.944236 -0.317047 -0.088883 -0.317350 -0.948244 0.011087
-0.477507 -0.779968 5.007010 -0.795056 0.011735 -0.606422 0.480468 0.622395 -0.617879 0.370183 -0.782615 -0.500477
triangle
-0.477507 -0.779968 5.007010 -0.795056 0.011735 -0.606422 0.597960 -0.152364 -0.786911 0.101631 0.988255 -0.114121
0.000000 -1.820210 6.390940 -0.184120 0.451112 -0.873269 0.982843 0.094417 -0.158449 0.010974 -0.887459 -0.460756
-0.477507 -1.433640 6.428870 -0.881961 0.135566 -0.451405 0.392840 -0.317755 -0.862965 0.260425 0.938432 -0.226992
triangle
-0.477507 -0.779968 5.007010 -0.795056 0.011735 -0.606422 0.365490 0.807174 -0.463559 0.484048 -0.590197 -0.646038
0.000000 -1.095470 5.066220 -0.087797 0.017738 -0.995980 -0.754933 -0.653499 0.054910 -0.649898 0.756720 0.070767
0.000000 -1.820210 6.390940 -0.184120 0.451112 -0.873269 0.980676 0.144098 -0.132328 0.066142 -0.880758 -0.468926
triangle
-0.827067 -0.536743 -3.708600 -0.942664 0.022910 -0.332956 0.333374 0.017698 -0.942629 0.015703 0.999581 0.024321
-0.477507 -1.393460 -0.303197 -0.731772 -0.031121 -0.680838 -0.022288 0.999515 -0.021733 0.681185 -0.000729 -0.732111
-0.827067 -0.746159 -0.303197 -0.958726 -0.019677 -0.283650 0.283442 0.012714 -0.958905 -0.022475 0.999726 0.006612
triangle
-0.827067 -0.536743 -3.708600 -0.942664 0.022910 -0.332956 -0.193509 0.775307 0.601210 0.271917 0.631169 -0.726421
-0.477507 -1.147780 -3.708600 -0.706468 0.054000 -0.705682 -0.211055 0.935645 0.282887 0.675543 0.348789 -0.649606
-0.477507 -1.393460 -0.303197 -0.731772 -0.031121 -0.680838 -0.308244 0.906063 0.289888 0.607861 0.421996 -0.672625
triangle
-0.477507 -1.147780 -3.708600 -0.706468 0.054000 -0.705682 -0.067652 0.987367 0.143282 0.704504 0.148965 -0.693890
0.000000 -1.661130 -0.303197 0.067760 -0.037090 -0.997012 -0.340301 -0.940242 0.011850 -0.937872 0.338482 -0.076333
-0.477507 -1.393460 -0.303197 -0.731772 -0.031121 -0.680838 -0.155837 0.980133 0.122694 0.663494 0.195884 -0.722084
triangle
-0.477507 -1.393460 -0.303197 -0.731772 -0.031121 -0.680838 0.257236 0.912461 -0.318188 -0.631141 0.407978 0.659709
0.000000 -1.661130 -0.303197 0.067760 -0.037090 -0.997012 0.978945 -0.190387 0.073615 -0.192549 -0.981008 0.023408
0.000000 -1.095470 5.066220 -0.087797 0.017738 -0.995980 0.864395 -0.495573 -0.085024 -0.495089 -0.868385 0.028177
triangle
-0.955015 0.318255 -3.708600 -0.999868 0.002087 -0.016093 -0.015115 0.241145 0.970371 0.005906 0.970487 -0.241082
-0.827067 -0.536743 -3.708600 -0.942664 0.022910 -0.332956 -0.287315 0.451891 0.844539 0.169808 0.891779 -0.419398
-0.827067 -0.746159 -0.303197 -0.958726 -0.019677 -0.283650 -0.271344 0.361381 0.892063 0.084953 0.932211 -0.351804
triangle
-0.955015 0.318254 -5.499570 -0.999817 0.003762 -0.018739 0.008405 0.967084 -0.254319 -0.017166 0.254430 0.966939
-0.827067 -0.536743 -3.708600 -0.942664 0.022910 -0.332956 -0.317678 0.244203 0.916213 0.102299 0.969454 -0.222923
-0.955015 0.318255 -3.708600 -0.999868 0.002087 -0.016093 0.006073 0.967760 -0.251801 -0.015048 0.251866 0.967645
triangle
-0.955015 0.318254 -5.499570 -0.999817 0.003762 -0.018739 -0.017545 0.208288 0.977910 0.007582 0.978060 -0.208184
-0.827067 -0.363899 -5.499570 -0.942996 -0.016699 -0.332386 -0.330534 0.163463 0.929530 0.038810 0.986408 -0.159665
-0.827067 -0.536743 -3.708600 -0.942664 0.022910 -0.332956 -0.321390 0.206599 0.924135 0.089961 0.978157 -0.187390
triangle
-0.827067 -0.363899 -5.499570 -0.942996 -0.016699 -0.332386 0.315894 0.269407 -0.909742 -0.104739 0.962882 0.248774
-0.477507 -1.147780 -3.708600 -0.706468 0.054000 -0.705682 0.705423 0.134422 -0.695923 -0.057279 0.989452 0.133057
-0.827067 -0.536743 -3.708600 -0.942664 0.022910 -0.332956 0.326705 0.267157 -0.906582 -0.068181 0.963381 0.259324
triangle
-0.827067 -0.363899 -5.499570 -0.942996 -0.016699 -0.332386 -0.310322 0.404979 0.860054 0.120247 0.914174 -0.387076
-0.477507 -1.011200 -5.499570 -0.718147 -0.122930 -0.684947 -0.685158 0.297110 0.665045 0.121751 0.946897 -0.297595
-0.477507 -1.147780 -3.708600 -0.706468 0.054000 -0.705682 -0.547027 0.590998 0.592860 0.449071 0.804863 -0.387982
triangle
-0.477507 -1.011200 -5.499570 -0.718147 -0.122930 -0.684947 0.600438 0.388080 -0.699192 -0.351766 0.913391 0.204887
0.000000 -1.400110 -3.708600 0.077958 0.083897 -0.993420 0.259569 -0.963794 -0.061026 -0.962573 -0.253104 -0.096912
-0.477507 -1.147780 -3.708600 -0.706468 0.054000 -0.705682 0.662586 0.400923 -0.632645 -0.248761 0.914519 0.319019
triangle
-0.477507 -1.147780 -3.708600 -0.706468 0.054000 -0.705682 0.696276 0.231806 -0.679313 -0.126899 0.971262 0.201363
0.000000 -1.400110 -3.708600 0.077958 0.083897 -0.993420 -0.340803 -0.934181 -0.105639 0.936897 -0.346796 0.044234
0.000000 -1.661130 -0.303197 0.067760 -0.037090 -0.997012 -0.692149 -0.721472 -0.020201 0.718567 -0.691450 0.074559
triangle
-0.955015 0.318254 -6.429520 -0.998379 -0.026445 -0.050403 -0.010848 0.957693 -0.287588 -0.055876 0.286575 0.956427
-0.827067 -0.363899 -5.499570 -0.942996 -0.016699 -0.332386 -0.327300 0.227446 0.917139 0.060284 0.973648 -0.219946
-0.955015 0.318254 -5.499570 -0.999817 0.003762 -0.018739 0.009986 0.938788 -0.344351 -0.016297 0.344475 0.938654
triangle
-0.955015 0.318254 -6.429520 -0.998379 -0.026445 -0.050403 0.048178 0.078917 -0.995716 -0.030309 0.996530 0.077515
-0.827067 -0.851813 -6.429520 -0.941401 -0.186517 -0.281025 0.286799 -0.004160 -0.957982 -0.177511 0.982443 -0.057409
-0.827067 -0.363899 -5.499570 -0.942996 -0.016699 -0.332386 0.331639 0.036377 -0.942705 -0.027834 0.999199 0.028765
triangle
-0.827067 -0.851813 -6.429520 -0.941401 -0.186517 -0.281025 -0.334209 0.628171 0.702642 0.045477 0.755389 -0.653696
-0.477507 -1.011200 -5.499570 -0.718147 -0.122930 -0.684947 -0.585592 0.638515 0.499380 0.375961 0.759728 -0.530535
-0.827067 -0.363899 -5.499570 -0.942996 -0.016699 -0.332386 -0.229487 0.755951 0.613085 0.241029 0.654415 -0.716691
triangle
-0.827067 1.000410 -6.429520 -0.956144 0.000000 0.292897 -0.142725 -0.873243 -0.465915 -0.255770 0.487286 -0.834946
-0.955015 0.318254 -6.429520 -0.998379 -0.026445 -0.050403 0.053596 -0.734908 -0.676045 0.019164 0.677651 -0.735134
-0.955015 0.318254 -5.499570 -0.999817 0.003762 -0.018739 0.008777 -0.780595 -0.624975 0.016979 0.625026 -0.780420
triangle
-0.827067 -0.851813 -6.429520 -0.941401 -0.186517 -0.281025 0.262260 0.119142 -0.957614 -0.212093 0.975201 0.063245
-0.477507 -1.805020 -6.429520 -0.639127 -0.518287 -0.568239 0.603608 0.119849 -0.788222 -0.476628 0.846767 -0.236243
-0.477507 -1.011200 -5.499570 -0.718147 -0.122930 -0.684947 0.675155 0.115406 -0.728593 -0.168613 0.985682 -0.000118
triangle
-0.477507 -1.805020 -6.429520 -0.639127 -0.518287 -0.568239 -0.726932 0.648370 0.226243 0.251171 0.557669 -0.791150
0.000000 -1.193980 -5.499570 0.035677 -0.252296 -0.966992 -0.679074 -0.716025 0.161762 0.733202 -0.650888 0.196873
-0.477507 -1.011200 -5.499570 -0.718147 -0.122930 -0.684947 0.687003 0.031565 -0.725968 0.110864 -0.991913 0.061785
triangle
-0.477507 -1.011200 -5.499570 -0.718147 -0.122930 -0.684947 -0.595764 0.617264 0.513858 0.359625 0.777093 -0.516524
0.000000 -1.193980 -5.499570 0.035677 -0.252296 -0.966992 0.324527 0.918094 -0.227565 -0.945204 0.305696 -0.114632
0.000000 -1.400110 -3.708600 0.077958 0.083897 -0.993420 -0.399929 -0.910131 -0.108247 0.913225 -0.405736 0.037399
triangle
-0.477507 -1.805020 -6.429520 -0.639127 -0.518287 -0.568239 -0.628579 0.777742 -0.002379 0.443177 0.355662 -0.822860
0.000000 -2.136350 -6.429520 0.091652 -0.689661 -0.718309 -0.529644 0.577086 -0.621650 -0.843254 -0.437424 0.312383
0.000000 -1.193980 -5.499570 0.035677 -0.252296 -0.966992 -0.927611 0.351664 -0.125976 0.371839 0.901487 -0.221486
triangle
0.000000 0.318255 6.720320 0.000000 -0.999984 -0.005709 0.069573 -0.005695 0.997561 -0.997577 -0.000397 0.069572
0.955015 0.318255 6.437590 0.283867 -0.958863 0.000000 -0.077620 -0.022979 -0.996718 -0.955717 -0.282936 0.080950
0.827067 0.789112 6.437590 0.279976 -0.956453 0.082525 0.916878 0.240931 -0.318257 -0.284515 -0.164770 -0.944406
triangle
0.000000 0.318255 6.720320 0.000000 -0.999984 -0.005709 0.059569 -0.005699 0.998208 -0.998224 -0.000340 0.059568
0.827067 0.789112 6.437590 0.279976 -0.956453 0.082525 0.111542 0.117790 0.986754 -0.953505 -0.267063 0.139663
0.477508 1.938260 6.437590 0.191290 -0.974919 0.113762 0.077750 0.130589 0.988383 -0.978449 -0.180223 0.100780
triangle
0.000000 0.318255 6.720320 0.000000 -0.999984 -0.005709 -0.059835 0.005699 -0.998192 -0.998208 -0.000342 0.059834
0.477508 -1.433640 6.428870 0.173058 -0.978110 -0.115551 -0.086848 0.101710 -0.991016 -0.981075 -0.181539 0.067345
0.827067 -0.186667 6.437590 0.278035 -0.957188 -0.080548 -0.952557 -0.285553 0.105327 0.123818 -0.047442 0.991170
triangle
0.000000 0.318255 6.720320 0.000000 -0.999984 -0.005709 -0.070015 0.005695 -0.997530 -0.997546 -0.000400 0.070014
0.827067 -0.186667 6.437590 0.278035 -0.957188 -0.080548 -0.110328 0.051477 -0.992561 -0.954214 -0.284853 0.091292
0.955015 0.318255 6.437590 0.283867 -0.958863 0.000000 -0.083994 -0.024866 -0.996156 -0.955178 -0.282776 0.087598
triangle
0.000000 0.318255 6.720320 0.000000 -0.999984 -0.005709 -0.999137 -0.000237 0.041525 -0.041526 0.005704 -0.999121
0.477508 1.938260 6.437590 0.191290 -0.974919 0.113762 0.065957 0.128408 0.989526 -0.979315 -0.181783 0.088866
0.000000 2.179820 6.437590 0.000000 -0.988663 0.150154 -0.998618 0.007892 0.051961 -0.052557 -0.149946 -0.987296
triangle
0.000000 0.318255 6.720320 0.000000 -0.999984 -0.005709 -0.999314 0.000211 -0.037039 0.037039 0.005705 -0.999298
0.000000 2.179820 6.437590 0.000000 -0.988663 0.150154 -0.997969 0.009566 0.062983 -0.063705 -0.149849 -0.986654
-0.477507 1.938260 6.437590 -0.191290 -0.974919 0.113762 -0.061953 0.127664 0.989881 -0.979576 0.182306 -0.084820
triangle
0.000000 0.318255 6.720320 0.000000 -0.999984 -0.005709 -0.053663 -0.005701 0.998543 -0.998559 0.000306 -0.053662
-0.477507 1.938260 6.437590 -0.191290 -0.974919 0.113762 -0.075216 0.130121 0.988641 -0.978647 0.180560 -0.098220
-0.827067 0.789112 6.437590 -0.279976 -0.956453 0.082525 -0.113864 0.118440 0.986411 -0.953231 0.266775 -0.142066
triangle
0.000000 0.318255 6.720320 0.000000 -0.999984 -0.005709 -0.064170 -0.005697 0.997923 -0.997939 0.000366 -0.064169
-0.827067 0.789112 6.437590 -0.279976 -0.956453 0.082525 -0.897806 0.230427 -0.375298 -0.339939 0.179166 0.923223
-0.955015 0.318255 6.437590 -0.283868 -0.958863 0.000000 0.072788 -0.021549 -0.997115 -0.956097 0.283049 -0.075910
triangle
0.000000 0.318255 6.720320 0.000000 -0.999984 -0.005709 0.064727 0.005697 -0.997887 -0.997903 0.000370 -0.064726
-0.955015 0.318255 6.437590 -0.283868 -0.958863 0.000000 0.079255 -0.023463 -0.996578 -0.955582 0.282897 -0.082655
-0.827067 -0.186667 6.437590 -0.278035 -0.957188 -0.080548 0.105849 0.052814 -0.992979 -0.954721 0.284609 -0.086633
triangle
0.000000 0.318255 6.720320 0.000000 -0.999984 -0.005709 0.054007 0.005701 -0.998524 -0.998541 0.000308 -0.054006
-0.827067 -0.186667 6.437590 -0.278035 -0.957188 -0.080548 -0.952684 0.285505 -0.104313 -0.122843 -0.047734 0.991278
-0.477507 -1.433640 6.428870 -0.173058 -0.978110 -0.115551 0.081960 0.102613 -0.991339 -0.981495 0.181030 -0.062408
triangle
0.000000 0.318255 6.720320 0.000000 -0.999984 -0.005709 -0.999779 0.000120 -0.021035 -0.021035 -0.005708 0.999762
-0.477507 -1.433640 6.428870 -0.173058 -0.978110 -0.115551 -0.015563 -0.114591 0.993291 -0.984789 0.173695 0.004608
0.000000 -1.820210 6.390940 0.000000 -0.988345 -0.152229 -0.999711 -0.003660 0.023762 0.024042 -0.152185 0.988060
triangle
0.000000 0.318255 6.720320 0.000000 -0.999984 -0.005709 -0.999656 -0.000150 0.026234 0.026235 -0.005707 0.999640
0.000000 -1.820210 6.390940 0.000000 -0.988345 -0.152229 -0.998505 -0.008322 0.054028 0.054665 -0.152001 0.986867
0.477508 -1.433640 6.428870 0.173058 -0.978110 -0.115551 0.020088 -0.113792 0.993302 -0.984707 -0.174220 -0.000044
triangle
0.272936 1.847880 -21.528200 0.991556 -0.000223 0.129681 0.128855 -0.111009 -0.985431 -0.014616 -0.993819 0.110043
0.000000 1.852930 -23.453501 0.000000 -0.002622 0.999997 -0.031515 0.999500 0.002621 -0.999503 -0.031515 -0.000083
-0.272936 1.847880 -21.528200 -0.970935 -0.000399 0.239342 -0.237784 -0.112322 -0.964802 -0.027269 0.993672 -0.108963
triangle
0.272936 1.824130 -6.737950 0.902995 -0.000690 0.429651 -0.420127 -0.210811 0.882639 0.089966 -0.977527 -0.190651
0.272936 1.847880 -21.528200 0.991556 -0.000223 0.129681 -0.127586 -0.180708 0.975226 0.023216 -0.983537 -0.179211
-0.272936 1.847880 -21.528200 -0.970935 -0.000399 0.239342 -0.234888 0.193621 -0.952543 -0.045961 -0.981076 -0.188088
triangle
0.000000 -2.308760 -8.847320 0.000000 -0.807114 -0.590396 -0.999998 -0.001313 0.001795 0.002224 -0.590394 0.807112
0.272936 0.076818 -8.844970 0.999564 0.012699 -0.026659 -0.024678 -0.136528 -0.990329 0.016216 -0.990555 0.136155
-0.272936 0.076818 -8.844970 -0.999636 -0.004446 -0.026606 0.026908 -0.095226 -0.995092 0.001890 -0.995446 0.095311
triangle
0.272936 -1.996090 -8.838310 0.884789 -0.000644 -0.465992 -0.444272 -0.302912 -0.843129 -0.140611 0.953018 -0.268299
0.272936 -1.993190 -6.737950 0.995751 -0.000127 -0.092091 -0.088588 -0.274521 -0.957492 -0.025159 0.961581 -0.273366
-0.272936 -1.993190 -6.737950 -0.983320 -0.000251 -0.181883 -0.174910 0.275554 0.945239 0.049881 0.961286 -0.271002
triangle
0.272936 -1.996090 -8.838310 0.884789 -0.000644 -0.465992 -0.444170 -0.303597 -0.842936 0.140931 -0.952800 0.268906
-0.272936 -1.993190 -6.737950 -0.983320 -0.000251 -0.181883 0.174636 -0.280779 -0.943751 0.050832 0.959772 -0.276140
-0.272936 -1.996090 -8.838310 -0.967032 -0.000352 -0.254654 0.244030 -0.287112 -0.926291 0.072788 0.957897 -0.277733
triangle
0.272936 1.824130 -6.737950 0.902995 -0.000690 0.429651 0.422639 0.181359 -0.887967 0.077308 -0.983417 -0.164058
-0.272936 1.847880 -21.528200 -0.970935 -0.000399 0.239342 -0.235487 0.180352 -0.954997 0.042785 0.983602 0.175204
-0.272936 1.824130 -6.737950 -0.972848 -0.000372 0.231444 -0.227722 0.180171 -0.956912 0.041344 0.983635 0.175364
triangle
0.272936 0.076818 -8.844970 0.999564 0.012699 -0.026659 -0.025150 -0.106983 -0.993943 -0.015474 0.994180 -0.106617
0.272936 -1.996090 -8.838310 0.967847 0.251537 -0.000808 0.028420 -0.112544 -0.993240 -0.249928 0.961282 -0.116074
-0.272936 -1.996090 -8.838310 -0.887293 0.461203 -0.001481 -0.046968 -0.093554 -0.994506 -0.458808 -0.882349 0.104672
triangle
0.272936 0.076818 -8.844970 0.999564 0.012699 -0.026659 -0.024948 -0.119833 -0.992481 0.015798 -0.992713 0.119464
-0.272936 -1.996090 -8.838310 -0.887293 0.461203 -0.001481 -0.037656 -0.075646 -0.996423 0.459666 0.884064 -0.084488
-0.272936 0.076818 -8.844970 -0.999636 -0.004446 -0.026606 0.026877 -0.080149 -0.996421 0.002297 -0.996773 0.080239
triangle
0.000000 -0.588948 -31.537701 0.996046 0.051574 0.072336 0.087694 -0.701125 -0.707626 -0.014221 -0.711171 0.702875
0.000000 -0.274462 -29.412701 0.969855 0.045573 0.239384 0.231819 -0.475335 -0.848715 -0.075109 -0.878624 0.471570
0.272936 -0.851353 -26.634600 0.998671 0.049318 0.014936 0.047811 -0.778698 -0.625574 0.019221 -0.625457 0.780022
triangle
0.000000 -0.588948 -31.537701 0.996046 0.051574 0.072336 -0.004650 0.843382 -0.537295 0.088718 -0.534834 -0.840287
0.272936 -0.851353 -26.634600 0.998671 0.049318 0.014936 -0.030722 0.802541 -0.595805 0.041371 -0.594554 -0.802990
0.000000 -1.165680 -30.662701 0.994069 0.060293 -0.090505 -0.106614 0.704413 -0.701738 -0.021443 -0.707225 -0.706663
triangle
0.000000 -0.274462 -29.412701 0.969855 0.045573 0.239384 0.243591 -0.154295 -0.957526 0.006702 -0.986973 0.160745
0.000000 0.133968 -27.740400 0.977041 0.058648 0.204822 0.212024 -0.173303 -0.961775 0.020910 -0.983121 0.181759
0.272936 -0.851353 -26.634600 0.998671 0.049318 0.014936 0.004644 -0.374810 0.927090 0.051321 -0.925789 -0.374541
triangle
0.000000 0.133968 -27.740400 0.977041 0.058648 0.204822 0.207878 -0.051824 -0.976781 0.046671 -0.996933 0.062826
0.000000 0.864714 -25.434200 0.976828 0.081176 0.198032 0.201767 -0.040645 -0.978590 0.071389 -0.995871 0.056082
0.272936 -0.851353 -26.634600 0.998671 0.049318 0.014936 -0.008466 -0.128889 0.991623 0.050830 -0.990432 -0.128300
triangle
0.272936 -0.851353 -26.634600 0.998671 0.049318 0.014936 0.020290 -0.109903 -0.993735 0.047368 -0.992718 0.110757
0.000000 0.864714 -25.434200 0.976828 0.081176 0.198032 -0.191993 -0.076530 0.978408 0.094579 -0.993757 -0.059172
0.272936 -0.316584 -25.047600 0.994573 0.040449 0.095858 0.076019 -0.911555 -0.404089 -0.071035 -0.409183 0.909683
triangle
0.000000 1.852930 -23.453501 0.973725 0.117186 0.195261 0.204906 -0.076734 -0.975769 0.099363 -0.990141 0.098730
0.272936 0.488802 -23.458599 0.991464 0.064839 0.113118 0.108750 -0.889842 -0.443119 -0.071926 -0.451638 0.889297
0.000000 0.864714 -25.434200 0.976828 0.081176 0.198032 0.208341 -0.148847 -0.966664 0.048993 -0.985523 0.162310
triangle
0.272936 0.488802 -23.458599 0.991464 0.064839 0.113118 0.114201 -0.850480 -0.513460 -0.062912 -0.521995 0.850625
0.272936 -0.316584 -25.047600 0.994573 0.040449 0.095858 0.095765 -0.716025 -0.691475 -0.040667 -0.696902 0.716013
0.000000 0.864714 -25.434200 0.976828 0.081176 0.198032 -0.182780 -0.164967 0.969215 0.111346 -0.982953 -0.146307
triangle
0.272936 -0.851353 -26.634600 0.998671 0.049318 0.014936 -0.031073 0.807571 -0.588951 0.041108 -0.587704 -0.808031
0.272936 -0.316584 -25.047600 0.994573 0.040449 0.095858 0.086698 0.187129 -0.978502 0.057517 -0.981502 -0.182607
0.272936 -0.919114 -25.865801 0.995575 0.008074 -0.093625 0.092933 0.063150 0.993668 0.013935 -0.997971 0.062120
triangle
0.272936 -0.919114 -25.865801 0.995575 0.008074 -0.093625 0.093071 0.052959 0.994250 0.012985 -0.998564 0.051974
0.272936 -0.316584 -25.047600 0.994573 0.040449 0.095858 0.090590 0.116454 -0.989056 0.051169 -0.992372 -0.112158
0.272936 -1.022980 -24.644300 0.995536 0.006484 -0.094164 0.093734 0.049230 0.994379 0.011083 -0.998766 0.048403
triangle
0.272936 0.488802 -23.458599 0.991464 0.064839 0.113118 0.110793 0.038414 -0.993101 0.068737 -0.997156 -0.030902
0.272936 -1.087940 -23.413900 0.996938 -0.000700 -0.078192 0.078194 0.012913 0.996855 0.000312 -0.999916 0.012928
0.272936 -0.316584 -25.047600 0.994573 0.040449 0.095858 0.094907 0.024806 -0.995177 0.042631 -0.998874 -0.020832
triangle
0.272936 -1.087940 -23.413900 0.996938 -0.000700 -0.078192 0.078167 0.035437 0.996310 0.002074 -0.999372 0.035384
0.272936 -1.022980 -24.644300 0.995536 0.006484 -0.094164 0.093713 0.051046 0.994290 0.011254 -0.998675 0.050211
0.272936 -0.316584 -25.047600 0.994573 0.040449 0.095858 0.091095 0.106555 -0.990125 0.050263 -0.993484 -0.102292
triangle
0.272936 1.847880 -21.528200 0.999960 0.005124 0.007278 -0.005975 -0.219583 0.975576 0.006597 -0.975581 -0.219543
0.272936 0.488802 -23.458599 0.991464 0.064839 0.113118 0.091425 -0.964282 -0.248599 -0.092959 -0.256819 0.961979
0.000000 1.852930 -23.453501 0.973725 0.117186 0.195261 0.165262 -0.953551 -0.251851 -0.156678 -0.277503 0.947863
triangle
0.272936 1.847880 -21.528200 0.999960 0.005124 0.007278 -0.007417 0.027786 0.999586 0.004919 -0.999601 0.027823
0.272936 -1.087940 -23.413900 0.996938 -0.000700 -0.078192 0.078195 0.011223 0.996875 0.000180 -0.999937 0.011243
0.272936 0.488802 -23.458599 0.991464 0.064839 0.113118 0.110284 0.045746 -0.992847 0.069550 -0.996847 -0.038205
triangle
0.000000 -3.239280 -24.097401 0.992048 -0.000000 -0.125859 -0.123847 -0.178077 -0.976192 -0.022413 0.984017 -0.176661
0.272936 -1.087940 -23.413900 0.996938 -0.000700 -0.078192 -0.076571 -0.211443 -0.974386 -0.015851 0.977390 -0.210849
0.000000 -3.135890 -19.651600 0.992797 -0.006676 -0.119622 -0.118929 -0.175654 -0.977242 -0.014488 0.984429 -0.175183
triangle
0.272936 -1.087940 -23.413900 0.996938 -0.000700 -0.078192 -0.070174 -0.449153 -0.890695 -0.034497 0.893455 -0.447827
0.272936 -0.935636 -21.242001 0.998575 -0.003893 -0.053221 -0.048158 -0.495396 -0.867331 -0.022989 0.868658 -0.494878
0.000000 -3.135890 -19.651600 0.992797 -0.006676 -0.119622 -0.113507 -0.371960 -0.921283 -0.038344 0.928225 -0.370038
triangle
0.272936 -0.935636 -21.242001 0.998575 -0.003893 -0.053221 -0.053129 0.020800 -0.998371 -0.004994 -0.999776 -0.020564
0.272936 -1.087940 -23.413900 0.996938 -0.000700 -0.078192 -0.078117 0.035574 -0.996309 -0.003479 -0.999367 -0.035410
0.272936 1.847880 -21.528200 0.999960 0.005124 0.007278 0.005920 0.227649 -0.973725 0.006646 -0.973730 -0.227609
triangle
0.272936 -1.087940 -23.413900 0.996938 -0.000700 -0.078192 -0.076941 -0.187105 -0.979322 -0.013945 0.982340 -0.186586
0.000000 -3.239280 -24.097401 0.992048 -0.000000 -0.125859 -0.124195 -0.162083 -0.978930 -0.020400 0.986777 -0.160794
0.000000 -3.135890 -26.010099 0.992255 0.012308 -0.123603 -0.119686 -0.171489 -0.977889 -0.033233 0.985109 -0.168688
triangle
0.272936 -1.022980 -24.644300 0.995536 0.006484 -0.094164 -0.094376 0.053424 -0.994102 0.001415 -0.998551 -0.053797
0.272936 -1.087940 -23.413900 0.996938 -0.000700 -0.078192 -0.077987 0.064030 -0.994896 -0.005703 -0.997948 -0.063780
0.000000 -3.135890 -26.010099 0.992255 0.012308 -0.123603 -0.123950 0.033220 -0.991732 0.008100 -0.999372 -0.034488
triangle
0.000000 -3.135890 -26.010099 0.992255 0.012308 -0.123603 -0.123549 -0.005101 -0.992325 0.012844 -0.999911 0.003541
0.272936 -0.919114 -25.865801 0.995575 0.008074 -0.093625 -0.093701 0.009597 -0.995554 0.007139 -0.999921 -0.010311
0.272936 -1.022980 -24.644300 0.995536 0.006484 -0.094164 -0.094216 0.008283 -0.995517 0.005675 -0.999945 -0.008857
triangle
0.000000 -3.135890 -26.010099 0.992255 0.012308 -0.123603 -0.123425 -0.014283 -0.992251 0.013978 -0.999822 0.012654
0.272936 -0.851353 -26.634600 0.998671 0.049318 0.014936 -0.007930 0.433482 -0.901127 0.050917 -0.899812 -0.433298
0.272936 -0.919114 -25.865801 0.995575 0.008074 -0.093625 -0.093619 -0.001149 -0.995607 0.008146 -0.999967 0.000388
triangle
0.000000 -2.825720 -27.405899 0.991774 0.038316 -0.122133 -0.116580 -0.123603 -0.985460 -0.052855 0.991592 -0.118119
0.272936 -0.851353 -26.634600 0.998671 0.049318 0.014936 0.030007 -0.320946 -0.946622 -0.041892 0.945812 -0.322000
0.000000 -3.135890 -26.010099 0.992255 0.012308 -0.123603 -0.121446 -0.112775 -0.986171 -0.026077 0.993544 -0.110407
triangle
0.000000 -1.165680 -30.662701 0.994069 0.060293 -0.090505 -0.060779 -0.382105 -0.922118 -0.090180 0.922150 -0.376174
0.272936 -0.851353 -26.634600 0.998671 0.049318 0.014936 -0.036808 0.885573 -0.463040 0.036064 -0.461875 -0.886212
0.000000 -1.688420 -29.887300 0.993223 0.057323 -0.101103 -0.072980 -0.369416 -0.926394 -0.090453 0.927495 -0.362729
triangle
0.000000 -1.688420 -29.887300 0.993223 0.057323 -0.101103 -0.091198 -0.154854 -0.983719 -0.072046 0.986273 -0.148577
0.272936 -0.851353 -26.634600 0.998671 0.049318 0.014936 0.027613 -0.267449 -0.963176 -0.043508 0.962309 -0.268455
0.000000 -2.308770 -28.646601 0.992134 0.052157 -0.113796 -0.105066 -0.147237 -0.983505 -0.068051 0.987725 -0.140599
triangle
0.000000 -2.308770 -28.646601 0.992134 0.052157 -0.113796 -0.106718 -0.122744 -0.986684 -0.065430 0.991067 -0.116213
0.272936 -0.851353 -26.634600 0.998671 0.049318 0.014936 0.024979 -0.209783 -0.977429 -0.045072 0.976503 -0.210736
0.000000 -2.825720 -27.405899 0.991774 0.038316 -0.122133 -0.116967 -0.116274 -0.986306 -0.051993 0.992478 -0.110836
triangle
0.272936 -0.935636 -21.242001 0.998575 -0.003893 -0.053221 -0.049507 -0.439849 -0.896706 -0.019918 0.898063 -0.439415
0.272936 -0.702534 -18.145000 0.997824 -0.005175 -0.065724 -0.062088 -0.409010 -0.910415 -0.022171 0.912515 -0.408442
0.000000 -3.135890 -19.651600 0.992797 -0.006676 -0.119622 -0.115367 -0.322607 -0.939476 -0.032319 0.946509 -0.321054
triangle
0.272936 -0.702534 -18.145000 0.997824 -0.005175 -0.065724 -0.065621 0.018100 -0.997680 -0.006352 -0.999823 -0.017721
0.272936 -0.935636 -21.242001 0.998575 -0.003893 -0.053221 -0.053130 0.020726 -0.998373 -0.004990 -0.999778 -0.020490
0.272936 1.847880 -21.528200 0.999960 0.005124 0.007278 0.006212 0.183821 -0.982940 0.006374 -0.982946 -0.183782
triangle
0.000000 -3.135890 -19.651600 0.992797 -0.006676 -0.119622 -0.118126 -0.221266 -0.968033 -0.020005 0.975191 -0.220461
0.272936 -0.702534 -18.145000 0.997824 -0.005175 -0.065724 -0.064499 -0.283004 -0.956947 -0.013648 0.959105 -0.282722
0.000000 -2.825720 -15.050700 0.993450 -0.009622 -0.113865 -0.113155 -0.221766 -0.968512 -0.015932 0.975052 -0.221402
triangle
0.272936 -0.702534 -18.145000 0.997824 -0.005175 -0.065724 -0.063733 -0.330777 -0.941554 -0.016868 0.943695 -0.330387
0.272936 -0.269443 -13.441900 0.997965 -0.005538 -0.063530 -0.061727 -0.334060 -0.940528 -0.016014 0.942536 -0.333722
0.000000 -2.825720 -15.050700 0.993450 -0.009622 -0.113865 -0.112401 -0.261793 -0.958557 -0.020585 0.965076 -0.261159
triangle
0.272936 -0.269443 -13.441900 0.997965 -0.005538 -0.063530 -0.063261 0.039699 -0.997207 -0.008044 -0.999196 -0.039268
0.272936 -0.702534 -18.145000 0.997824 -0.005175 -0.065724 -0.065463 0.040330 -0.997040 -0.007810 -0.999173 -0.039904
0.272936 1.847880 -21.528200 0.999960 0.005124 0.007278 0.005622 0.270256 -0.962772 0.006900 -0.962775 -0.270217
triangle
0.000000 -2.825720 -15.050700 0.993450 -0.009622 -0.113865 -0.112373 -0.263108 -0.958200 -0.020739 0.964718 -0.262466
0.272936 -0.269443 -13.441900 0.997965 -0.005538 -0.063530 -0.061636 -0.339384 -0.938627 -0.016363 0.940632 -0.339034
0.000000 -2.412160 -10.665600 0.993441 -0.009110 -0.113980 -0.112335 -0.263793 -0.958016 -0.021340 0.964536 -0.263086
triangle
0.272936 -0.269443 -13.441900 0.997965 -0.005538 -0.063530 -0.061306 -0.357574 -0.931870 -0.017556 0.933868 -0.357186
0.272936 0.076818 -8.844970 0.999564 0.012699 -0.026659 -0.017671 -0.466051 -0.884582 -0.023658 0.884667 -0.465623
0.000000 -2.412160 -10.665600 0.993441 -0.009110 -0.113980 -0.111691 -0.290761 -0.950254 -0.024484 0.956752 -0.289872
triangle
0.272936 0.076818 -8.844970 0.999564 0.012699 -0.026659 -0.028637 0.637115 -0.770237 -0.007204 -0.770664 -0.637201
0.272936 -0.269443 -13.441900 0.997965 -0.005538 -0.063530 -0.054671 0.438574 -0.897030 -0.032830 -0.898678 -0.437379
0.272936 1.847880 -21.528200 0.999960 0.005124 0.007278 0.000848 0.759110 -0.650962 0.008860 -0.650943 -0.759075
triangle
0.272936 1.824130 -6.737950 0.902995 -0.000690 0.429651 0.418813 0.224608 -0.879856 0.095896 -0.974449 -0.203109
0.272936 0.076818 -8.844970 0.999564 0.012699 -0.026659 0.026391 0.020818 0.999435 0.013247 -0.999703 0.020473
0.272936 1.847880 -21.528200 0.999960 0.005124 0.007278 -0.007676 0.082601 0.996553 0.004505 -0.996570 0.082637
triangle
0.000000 -2.412160 -10.665600 0.993441 -0.009110 -0.113980 -0.111968 -0.279647 -0.953552 -0.023188 0.960060 -0.278833
0.272936 0.076818 -8.844970 0.999564 0.012699 -0.026659 -0.017074 -0.488050 -0.872648 -0.024092 0.872723 -0.487621
0.000000 -2.308760 -8.847320 0.000000 -0.807114 -0.590396 -0.633398 0.456864 -0.624566 -0.773826 -0.373955 0.511224
triangle
0.272936 -1.996090 -8.838310 0.967847 0.251537 -0.000808 -0.150751 0.577474 -0.802370 0.201359 -0.776693 -0.596827
0.272936 0.076818 -8.844970 0.999564 0.012699 -0.026659 -0.024493 -0.147748 -0.988722 -0.016494 0.988943 -0.147373
0.272936 -1.993190 -6.737950 0.995751 -0.000127 -0.092091 -0.091259 -0.135478 -0.986569 -0.012351 0.990780 -0.134914
triangle
0.272936 -1.993190 -6.737950 0.995751 -0.000127 -0.092091 0.092082 0.015629 0.995629 0.001313 -0.999878 0.015574
0.272936 0.076818 -8.844970 0.999564 0.012699 -0.026659 0.026058 0.045319 0.998633 0.013890 -0.998892 0.044968
0.272936 1.824130 -6.737950 0.902995 -0.000690 0.429651 0.429525 -0.022784 -0.902767 -0.010412 -0.999740 0.020277
triangle
0.000000 -2.412160 -10.665600 -0.993441 -0.009110 -0.113980 -0.111969 0.279595 0.953567 0.023181 0.960075 -0.278781
0.000000 -2.308760 -8.847320 0.000000 -0.807114 -0.590396 -0.633819 0.456660 -0.624287 0.773481 0.374204 -0.511564
-0.272936 0.076818 -8.844970 -0.999636 -0.004446 -0.026606 -0.025859 0.438674 0.898274 0.007678 0.898635 -0.438630
triangle
-0.272936 -0.269443 -13.441900 -0.997965 -0.005538 -0.063530 -0.061307 0.357525 0.931889 0.017553 0.933887 -0.357137
0.000000 -2.412160 -10.665600 -0.993441 -0.009110 -0.113980 -0.111693 0.290688 0.950276 0.024476 0.956775 -0.289799
-0.272936 0.076818 -8.844970 -0.999636 -0.004446 -0.026606 -0.025898 0.434024 0.900529 0.007544 0.900891 -0.433981
triangle
-0.272936 -1.996090 -8.838310 -0.887293 0.461203 -0.001481 0.221481 0.423279 -0.878511 0.404545 0.779825 0.477721
-0.272936 -1.993190 -6.737950 -0.983320 -0.000251 -0.181883 -0.180098 0.141129 0.973472 0.025424 0.989991 -0.138820
-0.272936 0.076818 -8.844970 -0.999636 -0.004446 -0.026606 -0.026950 0.122557 0.992096 -0.001150 0.992452 -0.122632
triangle
-0.272936 -1.993190 -6.737950 -0.983320 -0.000251 -0.181883 0.181862 -0.016499 -0.983186 -0.002754 -0.999864 0.016270
-0.272936 1.824130 -6.737950 -0.972848 -0.000372 0.231444 -0.231386 -0.020808 -0.972639 -0.005177 0.999783 -0.020157
-0.272936 0.076818 -8.844970 -0.999636 -0.004446 -0.026606 0.026624 -0.004098 -0.999637 0.004335 -0.999982 0.004215
triangle
-0.272936 1.824130 -6.737950 -0.972848 -0.000372 0.231444 -0.224401 0.246333 -0.942849 0.056662 0.969185 0.239728
-0.272936 1.847880 -21.528200 -0.999960 0.005124 0.007278 -0.007677 -0.082780 -0.996538 -0.004504 -0.996555 0.082816
-0.272936 0.076818 -8.844970 -0.999636 -0.004446 -0.026606 0.026322 0.054822 -0.998149 0.005896 -0.998486 -0.054685
triangle
-0.272936 0.076818 -8.844970 -0.999636 -0.004446 -0.026606 0.018524 0.603823 -0.796903 -0.019608 0.797106 0.603521
-0.272936 1.847880 -21.528200 -0.999960 0.005124 0.007278 -0.000841 0.759629 -0.650356 0.008861 0.650337 0.759594
-0.272936 -0.269443 -13.441900 -0.997965 -0.005538 -0.063530 0.054665 0.438719 -0.896960 -0.032839 0.898607 0.437523
triangle
0.000000 -2.825720 -15.050700 -0.993450 -0.009622 -0.113865 -0.112374 0.263067 0.958211 0.020734 0.964730 -0.262425
0.000000 -2.412160 -10.665600 -0.993441 -0.009110 -0.113980 -0.112336 0.263741 0.958030 0.021334 0.964551 -0.263034
-0.272936 -0.269443 -13.441900 -0.997965 -0.005538 -0.063530 -0.061636 0.339343 0.938641 0.016360 0.940646 -0.338993
triangle
-0.272936 -0.702534 -18.145000 -0.997824 -0.005175 -0.065724 -0.063734 0.330711 0.941577 0.016863 0.943718 -0.330321
0.000000 -2.825720 -15.050700 -0.993450 -0.009622 -0.113865 -0.112402 0.261749 0.958568 0.020580 0.965088 -0.261116
-0.272936 -0.269443 -13.441900 -0.997965 -0.005538 -0.063530 -0.061728 0.334018 0.940543 0.016012 0.942550 -0.333680
triangle
-0.272936 -0.269443 -13.441900 -0.997965 -0.005538 -0.063530 0.063261 0.039702 -0.997207 -0.008045 0.999196 0.039271
-0.272936 1.847880 -21.528200 -0.999960 0.005124 0.007278 -0.005619 0.270643 -0.962663 0.006902 0.962666 0.270603
-0.272936 -0.702534 -18.145000 -0.997824 -0.005175 -0.065724 0.065463 0.040336 -0.997039 -0.007810 0.999173 0.039910
triangle
-0.272936 1.847880 -21.528200 -0.999960 0.005124 0.007278 -0.005973 0.219833 -0.975519 -0.006598 -0.975524 -0.219794
0.000000 1.852930 -23.453501 -0.973725 0.117186 0.195261 -0.166484 -0.951348 -0.259270 -0.155378 0.284965 -0.945861
-0.272936 0.488802 -23.458599 -0.991464 0.064839 0.113118 -0.091792 -0.963259 -0.252403 -0.092596 0.260632 -0.960987
triangle
-0.272936 -0.702534 -18.145000 -0.997824 -0.005175 -0.065724 0.065621 0.018099 -0.997680 -0.006352 0.999823 0.017720
-0.272936 1.847880 -21.528200 -0.999960 0.005124 0.007278 -0.006210 0.184050 -0.982897 0.006376 0.982904 0.184011
-0.272936 -0.935636 -21.242001 -0.998575 -0.003893 -0.053221 0.053130 0.020725 -0.998373 -0.004990 0.999778 0.020489
triangle
-0.272936 -0.935636 -21.242001 -0.998575 -0.003893 -0.053221 0.053129 0.020801 -0.998371 -0.004994 0.999776 0.020564
-0.272936 1.847880 -21.528200 -0.999960 0.005124 0.007278 -0.005918 0.227957 -0.973653 0.006648 0.973658 0.227917
-0.272936 -1.087940 -23.413900 -0.996938 -0.000700 -0.078192 0.078117 0.035596 -0.996309 -0.003480 0.999366 0.035432
triangle
-0.272936 1.847880 -21.528200 -0.999960 0.005124 0.007278 -0.007417 -0.027789 -0.999586 -0.004919 -0.999601 0.027826
-0.272936 0.488802 -23.458599 -0.991464 0.064839 0.113118 -0.110280 0.045811 -0.992844 0.069557 0.996844 0.038270
-0.272936 -1.087940 -23.413900 -0.996938 -0.000700 -0.078192 0.078195 -0.011224 -0.996875 -0.000180 -0.999937 0.011245
triangle
-0.272936 -0.935636 -21.242001 -0.998575 -0.003893 -0.053221 -0.049510 0.439715 0.896772 0.019911 0.898129 -0.439281
0.000000 -3.135890 -19.651600 -0.992797 -0.006676 -0.119622 -0.115375 0.322377 0.939554 0.032291 0.946588 -0.320825
-0.272936 -0.702534 -18.145000 -0.997824 -0.005175 -0.065724 -0.062091 0.408895 0.910467 0.022163 0.912567 -0.408326
triangle
0.000000 -3.135890 -19.651600 -0.992797 -0.006676 -0.119622 -0.118127 0.221203 0.968047 0.019998 0.975205 -0.220398
0.000000 -2.825720 -15.050700 -0.993450 -0.009622 -0.113865 -0.113155 0.221742 0.968518 0.015929 0.975058 -0.221378
-0.272936 -0.702534 -18.145000 -0.997824 -0.005175 -0.065724 -0.064500 0.282964 0.956959 0.013646 0.959117 -0.282682
triangle
-0.272936 -1.087940 -23.413900 -0.996938 -0.000700 -0.078192 -0.070200 0.448493 0.891025 0.034445 0.893786 -0.447169
0.000000 -3.135890 -19.651600 -0.992797 -0.006676 -0.119622 -0.113520 0.371626 0.921416 0.038303 0.928358 -0.369707
-0.272936 -0.935636 -21.242001 -0.998575 -0.003893 -0.053221 -0.048162 0.495226 0.867428 0.022980 0.868756 -0.494708
triangle
0.000000 -3.239280 -24.097401 -0.992048 -0.000000 -0.125859 -0.123849 0.178022 0.976202 0.022406 0.984026 -0.176606
0.000000 -3.135890 -19.651600 -0.992797 -0.006676 -0.119622 -0.118929 0.175631 0.977246 0.014485 0.984433 -0.175160
-0.272936 -1.087940 -23.413900 -0.996938 -0.000700 -0.078192 -0.076572 0.211375 0.974401 0.015846 0.977405 -0.210781
triangle
-0.272936 0.488802 -23.458599 -0.991464 0.064839 0.113118 -0.110767 0.038781 -0.993089 0.068778 0.997142 0.031268
-0.272936 -0.316584 -25.047600 -0.994573 0.040449 0.095858 -0.094901 0.024957 -0.995174 0.042646 0.998870 0.020983
-0.272936 -1.087940 -23.413900 -0.996938 -0.000700 -0.078192 0.078194 -0.012916 -0.996854 -0.000312 -0.999916 0.012931
triangle
-0.272936 -1.087940 -23.413900 -0.996938 -0.000700 -0.078192 0.078167 -0.035450 -0.996310 -0.002075 -0.999371 0.035396
-0.272936 -0.316584 -25.047600 -0.994573 0.040449 0.095858 -0.091048 0.107497 -0.990028 0.050350 0.993382 0.103231
-0.272936 -1.022980 -24.644300 -0.995536 0.006484 -0.094164 0.093713 -0.051098 -0.994287 -0.011259 -0.998673 0.050263
triangle
-0.272936 -1.087940 -23.413900 -0.996938 -0.000700 -0.078192 -0.076942 0.187065 0.979330 0.013942 0.982347 -0.186546
0.000000 -3.135890 -26.010099 -0.992255 0.012308 -0.123603 -0.119689 0.171408 0.977903 0.033223 0.985123 -0.168607
0.000000 -3.239280 -24.097401 -0.992048 -0.000000 -0.125859 -0.124195 0.162052 0.978936 0.020396 0.986782 -0.160763
triangle
-0.272936 -1.022980 -24.644300 -0.995536 0.006484 -0.094164 0.094377 0.053762 -0.994084 0.001383 0.998533 0.054134
0.000000 -3.135890 -26.010099 -0.992255 0.012308 -0.123603 0.123953 0.033625 -0.991718 0.008050 0.999359 0.034890
-0.272936 -1.087940 -23.413900 -0.996938 -0.000700 -0.078192 0.077986 0.064203 -0.994885 -0.005716 0.997937 0.063952
triangle
-0.272936 -0.851353 -26.634600 -0.998671 0.049318 0.014936 -0.020311 -0.110334 -0.993687 0.047359 0.992670 -0.111189
-0.272936 -0.316584 -25.047600 -0.994573 0.040449 0.095858 -0.076309 -0.909874 -0.407807 -0.070723 0.412908 -0.908022
0.000000 0.864714 -25.434200 -0.976828 0.081176 0.198032 -0.191931 0.077173 -0.978369 -0.094703 -0.993708 -0.059804
triangle
-0.272936 0.488802 -23.458599 -0.991464 0.064839 0.113118 -0.114858 -0.844924 -0.522408 -0.061704 0.530941 -0.845159
0.000000 0.864714 -25.434200 -0.976828 0.081176 0.198032 -0.182487 0.167548 -0.968827 -0.111825 -0.982516 -0.148852
-0.272936 -0.316584 -25.047600 -0.994573 0.040449 0.095858 -0.096020 -0.711605 -0.695988 -0.040061 0.701415 -0.711627
triangle
-0.272936 -0.851353 -26.634600 -0.998671 0.049318 0.014936 0.031394 0.812152 -0.582600 0.040863 0.581357 0.812622
-0.272936 -0.919114 -25.865801 -0.995575 0.008074 -0.093625 0.092932 -0.063221 -0.993663 -0.013941 -0.997967 0.062191
-0.272936 -0.316584 -25.047600 -0.994573 0.040449 0.095858 -0.086589 0.188986 -0.978155 0.057681 0.981146 0.184458
triangle
-0.272936 -0.919114 -25.865801 -0.995575 0.008074 -0.093625 0.093070 -0.053016 -0.994247 -0.012991 -0.998561 0.052030
-0.272936 -1.022980 -24.644300 -0.995536 0.006484 -0.094164 0.093733 -0.049277 -0.994377 -0.011088 -0.998764 0.048449
-0.272936 -0.316584 -25.047600 -0.994573 0.040449 0.095858 -0.090536 0.117492 -0.988938 0.051264 0.992250 0.113192
triangle
0.000000 -3.135890 -26.010099 -0.992255 0.012308 -0.123603 0.123551 -0.004905 -0.992326 0.012820 0.999912 -0.003346
-0.272936 -1.022980 -24.644300 -0.995536 0.006484 -0.094164 0.094217 0.008445 -0.995516 0.005660 0.999943 0.009018
-0.272936 -0.919114 -25.865801 -0.995575 0.008074 -0.093625 0.093702 0.009779 -0.995552 0.007122 0.999920 0.010493
triangle
0.000000 -2.825720 -27.405899 -0.991774 0.038316 -0.122133 -0.116578 0.123636 0.985456 0.052859 0.991588 -0.118152
0.000000 -3.135890 -26.010099 -0.992255 0.012308 -0.123603 -0.121445 0.112803 0.986168 0.026081 0.993541 -0.110435
-0.272936 -0.851353 -26.634600 -0.998671 0.049318 0.014936 0.029952 0.319704 0.947044 0.041932 0.946233 -0.320757
triangle
0.000000 -3.135890 -26.010099 -0.992255 0.012308 -0.123603 0.123428 -0.014128 -0.992253 0.013959 0.999824 -0.012499
-0.272936 -0.919114 -25.865801 -0.995575 0.008074 -0.093625 0.093620 -0.001004 -0.995607 0.008132 0.999967 -0.000244
-0.272936 -0.851353 -26.634600 -0.998671 0.049318 0.014936 0.008353 0.440945 -0.897495 0.050849 0.896178 0.440771
triangle
0.000000 -2.308770 -28.646601 -0.992134 0.052157 -0.113796 0.106721 -0.122697 -0.986690 -0.065425 -0.991073 0.116165
0.000000 -2.825720 -27.405899 -0.991774 0.038316 -0.122133 0.116965 -0.116319 -0.986301 -0.051998 -0.992473 0.110881
-0.272936 -0.851353 -26.634600 -0.998671 0.049318 0.014936 0.024963 0.209448 0.977501 0.045080 0.976575 -0.210401
triangle
0.000000 -1.688420 -29.887300 -0.993223 0.057323 -0.101103 -0.091200 0.154836 0.983722 0.072045 0.986276 -0.148558
0.000000 -2.308770 -28.646601 -0.992134 0.052157 -0.113796 -0.105065 0.147258 0.983502 0.068054 0.987722 -0.140620
-0.272936 -0.851353 -26.634600 -0.998671 0.049318 0.014936 0.027567 0.266424 0.963462 0.043537 0.962593 -0.267429
triangle
0.000000 -1.165680 -30.662701 -0.994069 0.060293 -0.090505 -0.061171 0.378082 0.923749 0.089914 0.923807 -0.372151
0.000000 -1.688420 -29.887300 -0.993223 0.057323 -0.101103 -0.073328 0.365832 0.927788 0.090171 0.928914 -0.359149
-0.272936 -0.851353 -26.634600 -0.998671 0.049318 0.014936 0.036986 0.887851 -0.458641 0.035881 0.457480 0.888496
triangle
0.000000 -0.588948 -31.537701 -0.996046 0.051574 0.072336 0.005203 0.846703 -0.532040 0.088687 0.529560 0.843624
0.000000 -1.165680 -30.662701 -0.994069 0.060293 -0.090505 0.106287 0.714771 -0.691235 -0.023014 0.696755 0.716940
-0.272936 -0.851353 -26.634600 -0.998671 0.049318 0.014936 0.031055 0.807314 -0.589304 0.041122 0.588058 0.807773
triangle
0.000000 -0.588948 -31.537701 -0.996046 0.051574 0.072336 -0.087822 -0.694508 -0.714105 -0.013408 0.717634 -0.696292
-0.272936 -0.851353 -26.634600 -0.998671 0.049318 0.014936 -0.047607 -0.772103 -0.633712 0.019721 0.633581 -0.773425
0.000000 -0.274462 -29.412701 -0.969855 0.045573 0.239384 -0.232004 -0.473171 -0.849873 -0.074538 0.879791 -0.469481
triangle
0.000000 -0.274462 -29.412701 -0.969855 0.045573 0.239384 -0.243592 -0.154396 -0.957510 0.006677 0.986957 -0.160843
-0.272936 -0.851353 -26.634600 -0.998671 0.049318 0.014936 0.004998 0.381195 -0.924481 -0.051288 -0.923178 -0.380935
0.000000 0.133968 -27.740400 -0.977041 0.058648 0.204822 -0.212026 -0.173366 -0.961764 0.020896 0.983110 -0.181821
triangle
0.000000 0.133968 -27.740400 -0.977041 0.058648 0.204822 -0.207889 -0.052064 -0.976766 0.046621 0.996920 -0.063061
-0.272936 -0.851353 -26.634600 -0.998671 0.049318 0.014936 -0.008394 0.130291 -0.991440 -0.050842 -0.990248 -0.129704
0.000000 0.864714 -25.434200 -0.976828 0.081176 0.198032 -0.201792 -0.041002 -0.978570 0.071317 0.995856 -0.056432
triangle
0.000000 1.852930 -23.453501 -0.973725 0.117186 0.195261 -0.205098 -0.078650 -0.975576 0.098967 0.989991 -0.100618
0.000000 0.864714 -25.434200 -0.976828 0.081176 0.198032 -0.208391 -0.149850 -0.966498 0.048781 0.985371 -0.163294
-0.272936 0.488802 -23.458599 -0.991464 0.064839 0.113118 -0.109342 -0.886068 -0.450475 -0.071022 0.458999 -0.885594
